COUNTY	VEHICLE_CLASS	FIT-ACTIVE	FIT-INACTIVE	UNFIT	WRECKED	OUT-OF-PROV	SOLD	SUSPENDED	TEMPORARY	TOTAL
DISTRICT OF ALGOMA	PASSENGER	53017	117331	9325	39635	6298	4153	1	1210	230970
DISTRICT OF ALGOMA	MOTORCYCLE	3106	5574	1284	48	376	163	0	44	10595
DISTRICT OF ALGOMA	MOPED	2	185	4	0	4	8	0	0	203
DISTRICT OF ALGOMA	COMMERCIAL	29395	51182	4194	7410	2435	1361	0	767	96744
DISTRICT OF ALGOMA	BUS	372	532	61	46	11	18	0	10	1050
DISTRICT OF ALGOMA	TRAILER	69211	7144	92	79	783	424	0	0	77733
DISTRICT OF ALGOMA	SNOW VEHICLE	15540	17461	0	119	281	682	0	0	34083
DISTRICT OF ALGOMA	OFF ROAD	22830	2219	40	6	176	119	0	0	25390
BRANT	PASSENGER	80492	114824	16067	136612	6031	3046	2	1977	359051
BRANT	MOTORCYCLE	3130	4524	1266	15	220	91	1	77	9324
BRANT	MOPED	2	218	14	0	2	1	0	0	237
BRANT	COMMERCIAL	22354	32140	3951	14497	1666	570	1	684	75863
BRANT	BUS	1866	1012	138	44	92	186	0	3	3341
BRANT	TRAILER	37604	6656	79	18	662	365	0	0	45384
BRANT	SNOW VEHICLE	2043	2878	0	7	33	151	0	0	5112
BRANT	OFF ROAD	4911	1053	26	0	38	27	0	0	6055
BRUCE	PASSENGER	43840	84239	7575	35942	2317	2522	0	883	177318
BRUCE	MOTORCYCLE	2629	3854	997	13	139	96	0	41	7769
BRUCE	MOPED	7	270	8	0	0	11	0	0	296
BRUCE	COMMERCIAL	20151	29276	2657	6182	725	693	1	473	60158
BRUCE	BUS	136	316	100	433	6	11	0	12	1014
BRUCE	TRAILER	42328	5928	69	50	347	566	0	0	49288
BRUCE	SNOW VEHICLE	4129	6943	2	128	38	461	0	0	11701
BRUCE	OFF ROAD	8471	1469	17	0	22	43	0	0	10022
OTTAWA-CARLETON	PASSENGER	504571	710347	53492	108558	314026	41673	26	10710	1743403
OTTAWA-CARLETON	MOTORCYCLE	12421	20620	4450	508	7985	421	3	289	46697
OTTAWA-CARLETON	MOPED	33	1168	29	6	133	24	0	1	1394
OTTAWA-CARLETON	COMMERCIAL	59977	89182	6583	7818	39529	5208	14	1765	210076
OTTAWA-CARLETON	BUS	1767	2911	201	203	344	234	0	17	5677
OTTAWA-CARLETON	TRAILER	133219	16101	226	58	13521	1022	1	0	164148
OTTAWA-CARLETON	SNOW VEHICLE	8893	10209	0	40	2435	464	0	0	22041
OTTAWA-CARLETON	OFF ROAD	17508	3396	61	4	2703	127	0	0	23799
DISTRICT OF COCHRANE	PASSENGER	31077	67029	4946	11646	6887	7428	1	1004	130018
DISTRICT OF COCHRANE	MOTORCYCLE	2044	3513	730	11	414	257	1	19	6989
DISTRICT OF COCHRANE	MOPED	3	147	8	1	4	12	0	0	175
DISTRICT OF COCHRANE	COMMERCIAL	23547	36319	2875	3863	3319	2701	0	628	73252
DISTRICT OF COCHRANE	BUS	151	789	120	34	23	23	0	15	1155
DISTRICT OF COCHRANE	TRAILER	60182	6101	75	92	1250	955	0	0	68655
DISTRICT OF COCHRANE	SNOW VEHICLE	12834	16587	0	604	526	2272	0	0	32823
DISTRICT OF COCHRANE	OFF ROAD	24101	3013	27	17	445	450	0	0	28053
DUFFERIN	PASSENGER	40212	59251	5850	14219	2766	2058	2	1162	125520
DUFFERIN	MOTORCYCLE	1942	2638	633	6	118	50	1	44	5432
DUFFERIN	MOPED	2	82	7	1	1	1	0	0	94
DUFFERIN	COMMERCIAL	12014	15525	1658	2651	725	385	0	412	33370
DUFFERIN	BUS	124	81	42	19	2	1	0	1	270
DUFFERIN	TRAILER	21880	2671	53	10	227	181	0	0	25022
DUFFERIN	SNOW VEHICLE	2472	3785	0	27	28	140	0	0	6452
DUFFERIN	OFF ROAD	3830	758	10	0	24	17	0	0	4639
STORMONT,DUNDAS & GLENGARRY	PASSENGER	64755	142085	13172	37242	28872	6973	1	3134	296234
STORMONT,DUNDAS & GLENGARRY	MOTORCYCLE	3313	5320	1417	20	1340	179	0	79	11668
STORMONT,DUNDAS & GLENGARRY	MOPED	9	361	13	0	29	17	0	0	429
STORMONT,DUNDAS & GLENGARRY	COMMERCIAL	20268	37963	3831	4277	10085	1301	0	942	78667
STORMONT,DUNDAS & GLENGARRY	BUS	628	492	67	116	61	239	0	13	1616
STORMONT,DUNDAS & GLENGARRY	TRAILER	51721	7816	106	40	5176	756	0	0	65615
STORMONT,DUNDAS & GLENGARRY	SNOW VEHICLE	3991	6615	0	121	745	482	0	0	11954
STORMONT,DUNDAS & GLENGARRY	OFF ROAD	10528	2260	15	4	927	139	2	0	13875
DURHAM	PASSENGER	387172	466220	106548	428965	51271	26972	25	9918	1477091
DURHAM	MOTORCYCLE	11467	16004	5292	146	1248	378	0	350	34885
DURHAM	MOPED	23	660	27	2	14	20	0	1	747
DURHAM	COMMERCIAL	67864	83610	13621	37194	11524	3338	3	2131	219285
DURHAM	BUS	1208	1643	259	3668	109	30	0	40	6957
DURHAM	TRAILER	124007	19070	505	107	1970	942	1	0	146602
DURHAM	SNOW VEHICLE	10637	14665	0	36	220	620	0	0	26178
DURHAM	OFF ROAD	22844	4646	102	3	313	159	1	0	28068
ELGIN	PASSENGER	55486	90373	10021	35861	6318	3534	1	1988	203582
ELGIN	MOTORCYCLE	2711	4333	1255	12	364	122	0	29	8826
ELGIN	MOPED	4	227	16	1	3	9	0	0	260
ELGIN	COMMERCIAL	21805	31000	3137	3968	1966	857	4	888	63625
ELGIN	BUS	207	523	53	9	50	13	0	15	870
ELGIN	TRAILER	41974	6124	67	39	611	405	0	0	49220
ELGIN	SNOW VEHICLE	2025	3038	0	11	53	224	0	0	5351
ELGIN	OFF ROAD	6617	1453	32	0	83	42	0	0	8227
ESSEX	PASSENGER	221941	395653	37754	119105	49257	15287	19	6700	845716
ESSEX	MOTORCYCLE	6541	10672	2780	52	733	272	1	141	21192
ESSEX	MOPED	20	571	21	3	5	21	0	0	641
ESSEX	COMMERCIAL	57228	77555	7721	12073	5232	2244	1	1830	163884
ESSEX	BUS	495	1425	130	71	42	79	0	8	2250
ESSEX	TRAILER	91517	13320	197	113	2058	645	1	0	107851
ESSEX	SNOW VEHICLE	4096	6786	0	64	133	372	1	0	11452
ESSEX	OFF ROAD	9593	2271	18	2	71	55	0	0	12010
FRONTENAC	PASSENGER	85570	149683	9159	89334	20838	5097	41	2427	362149
FRONTENAC	MOTORCYCLE	3234	5666	1213	27	923	166	1	92	11322
FRONTENAC	MOPED	6	320	17	2	8	11	0	1	365
FRONTENAC	COMMERCIAL	20863	36624	3736	8341	4814	894	1	942	76215
FRONTENAC	BUS	405	518	49	32	50	15	0	4	1073
FRONTENAC	TRAILER	51504	6515	89	20	2476	415	1	0	61020
FRONTENAC	SNOW VEHICLE	3928	4969	0	18	116	243	0	0	9274
FRONTENAC	OFF ROAD	10557	1474	26	2	137	62	0	0	12258
LEEDS & GRENVILLE	PASSENGER	61593	134917	9530	24891	11490	3790	0	2755	248966
LEEDS & GRENVILLE	MOTORCYCLE	2884	4860	1239	10	653	135	1	75	9857
LEEDS & GRENVILLE	MOPED	3	256	12	0	12	6	0	1	290
LEEDS & GRENVILLE	COMMERCIAL	21079	37761	3025	3325	2977	771	0	991	69929
LEEDS & GRENVILLE	BUS	240	1048	46	36	216	20	0	1	1607
LEEDS & GRENVILLE	TRAILER	55745	7360	62	29	1604	315	0	0	65115
LEEDS & GRENVILLE	SNOW VEHICLE	4578	6216	0	16	271	208	0	0	11289
LEEDS & GRENVILLE	OFF ROAD	11211	1754	13	4	287	77	0	0	13346
GREY	PASSENGER	52417	102977	13958	37752	3356	3245	6	1379	215090
GREY	MOTORCYCLE	2819	4660	1205	10	207	119	0	45	9065
GREY	MOPED	8	298	12	1	2	6	0	0	327
GREY	COMMERCIAL	21004	34681	4212	5790	1029	844	1	663	68224
GREY	BUS	373	442	77	33	14	81	0	4	1024
GREY	TRAILER	44629	6004	84	35	385	310	1	0	51448
GREY	SNOW VEHICLE	4178	7404	0	50	29	316	0	0	11977
GREY	OFF ROAD	7501	1573	15	2	30	41	0	0	9162
HALDIMAND-NORFOLK	PASSENGER	68095	139962	17790	44388	3061	5188	4	2842	281330
HALDIMAND-NORFOLK	MOTORCYCLE	3835	5780	1643	13	190	161	1	64	11687
HALDIMAND-NORFOLK	MOPED	1	254	6	1	3	8	0	0	273
HALDIMAND-NORFOLK	COMMERCIAL	29948	47296	5527	7144	1178	1452	1	1329	93875
HALDIMAND-NORFOLK	BUS	99	420	115	75	16	8	0	13	746
HALDIMAND-NORFOLK	TRAILER	56976	8493	127	33	463	558	0	0	66650
HALDIMAND-NORFOLK	SNOW VEHICLE	3425	5041	0	32	29	309	1	0	8837
HALDIMAND-NORFOLK	OFF ROAD	10918	3032	51	2	42	66	0	0	14111
HALIBURTON	PASSENGER	11055	25890	2390	3525	824	850	0	501	45035
HALIBURTON	MOTORCYCLE	686	1373	308	2	67	34	0	10	2480
HALIBURTON	MOPED	1	61	2	0	1	1	0	0	66
HALIBURTON	COMMERCIAL	6016	9827	936	642	251	222	0	265	18159
HALIBURTON	BUS	4	23	22	2	0	2	0	4	57
HALIBURTON	TRAILER	17853	2134	23	6	135	118	0	0	20269
HALIBURTON	SNOW VEHICLE	3278	4617	0	59	51	246	0	0	8251
HALIBURTON	OFF ROAD	5433	602	6	0	18	36	0	0	6095
HALTON	PASSENGER	348945	312607	25271	146387	55180	24085	13	3607	916095
HALTON	MOTORCYCLE	8451	11214	2247	37	1479	203	2	158	23791
HALTON	MOPED	7	515	18	2	11	7	0	0	560
HALTON	COMMERCIAL	47544	63941	6185	8946	15128	5088	17	775	147624
HALTON	BUS	3099	3029	174	235	1021	1881	0	43	9482
HALTON	TRAILER	78748	12985	1275	75	3779	750	32	0	97644
HALTON	SNOW VEHICLE	4053	5124	0	11	76	178	0	0	9442
HALTON	OFF ROAD	7492	1471	47	0	92	37	0	0	9139
HASTINGS	PASSENGER	79917	182283	14531	42849	14031	7951	4	4762	346328
HASTINGS	MOTORCYCLE	3804	6839	1675	21	818	167	0	134	13458
HASTINGS	MOPED	4	365	11	2	7	13	0	1	403
HASTINGS	COMMERCIAL	28199	51707	4458	5480	3415	1530	3	1646	96438
HASTINGS	BUS	402	799	81	37	33	28	0	5	1385
HASTINGS	TRAILER	74483	11144	75	46	1532	694	0	0	87974
HASTINGS	SNOW VEHICLE	6343	9275	0	62	165	660	0	0	16505
HASTINGS	OFF ROAD	21852	2899	32	2	240	172	0	0	25197
HURON	PASSENGER	31795	63475	7985	32947	4139	1586	1	649	142577
HURON	MOTORCYCLE	1595	2868	673	12	224	56	0	28	5456
HURON	MOPED	4	161	10	0	1	6	0	0	182
HURON	COMMERCIAL	16263	25717	3014	6342	2747	510	1	350	54944
HURON	BUS	292	146	73	56	18	19	0	3	607
HURON	TRAILER	30970	5162	85	30	336	216	0	0	36799
HURON	SNOW VEHICLE	3020	5257	0	57	53	276	0	0	8663
HURON	OFF ROAD	5550	1646	12	0	22	38	0	0	7268
DISTRICT OF KENORA	PASSENGER	20895	78180	3104	1132	3744	5175	0	897	113127
DISTRICT OF KENORA	MOTORCYCLE	1248	3159	332	3	157	113	0	19	5031
DISTRICT OF KENORA	MOPED	5	76	2	1	2	1	0	0	87
DISTRICT OF KENORA	COMMERCIAL	17407	44862	2339	379	1642	2357	0	701	69687
DISTRICT OF KENORA	BUS	159	551	28	3	14	33	0	13	801
DISTRICT OF KENORA	TRAILER	44358	3758	48	19	451	374	0	0	49008
DISTRICT OF KENORA	SNOW VEHICLE	8206	14805	0	62	103	1192	0	0	24368
DISTRICT OF KENORA	OFF ROAD	11166	1119	5	1	45	122	0	0	12458
KENT	PASSENGER	57504	113950	12037	55045	6541	3957	2	2062	251098
KENT	MOTORCYCLE	2344	4897	1229	43	191	178	0	31	8913
KENT	MOPED	2	349	15	6	4	17	0	0	393
KENT	COMMERCIAL	24658	49901	4883	8527	2024	1108	0	971	92072
KENT	BUS	207	301	89	55	3	12	0	13	680
KENT	TRAILER	51038	9577	125	125	1311	708	0	0	62884
KENT	SNOW VEHICLE	2810	3936	0	17	33	307	0	0	7103
KENT	OFF ROAD	7108	1520	47	2	27	41	0	0	8745
LAMBTON	PASSENGER	69726	124181	8298	53274	11442	2412	1	1917	271251
LAMBTON	MOTORCYCLE	3168	4910	1449	13	253	78	0	54	9925
LAMBTON	MOPED	7	330	11	0	6	5	0	0	359
LAMBTON	COMMERCIAL	25238	57256	3630	6958	3171	565	0	712	97530
LAMBTON	BUS	241	602	89	71	11	7	0	4	1025
LAMBTON	TRAILER	44974	7131	72	55	648	268	0	0	53148
LAMBTON	SNOW VEHICLE	2815	3823	0	31	43	193	0	0	6905
LAMBTON	OFF ROAD	6098	1752	30	2	31	29	0	0	7942
LANARK	PASSENGER	42118	97450	6061	13406	12491	2099	1	2011	175637
LANARK	MOTORCYCLE	1921	3340	939	7	531	62	0	35	6835
LANARK	MOPED	4	118	12	2	6	7	0	0	149
LANARK	COMMERCIAL	14453	26128	1768	1698	2929	359	0	666	48001
LANARK	BUS	238	432	30	310	25	2	0	1	1038
LANARK	TRAILER	35219	5140	57	39	1185	164	1	0	41805
LANARK	SNOW VEHICLE	4080	5858	0	13	344	179	0	0	10474
LANARK	OFF ROAD	9415	1726	17	0	447	40	0	0	11645
LENNOX & ADDINGTON	PASSENGER	21525	47151	3887	7990	2619	2976	1	992	87141
LENNOX & ADDINGTON	MOTORCYCLE	1078	1869	407	2	133	68	0	21	3578
LENNOX & ADDINGTON	MOPED	1	83	3	1	1	6	0	0	95
LENNOX & ADDINGTON	COMMERCIAL	9041	16494	1219	1266	1051	711	1	477	30260
LENNOX & ADDINGTON	BUS	210	148	39	4	4	4	0	1	410
LENNOX & ADDINGTON	TRAILER	22317	2813	22	7	258	252	0	0	25669
LENNOX & ADDINGTON	SNOW VEHICLE	1975	2636	0	5	39	148	0	0	4803
LENNOX & ADDINGTON	OFF ROAD	6753	845	6	0	61	59	0	0	7724
DISTRICT OF MANITOULIN	PASSENGER	6832	18161	1177	1052	446	1065	0	258	28991
DISTRICT OF MANITOULIN	MOTORCYCLE	321	639	125	6	13	31	0	9	1144
DISTRICT OF MANITOULIN	MOPED	1	41	0	0	0	3	0	0	45
DISTRICT OF MANITOULIN	COMMERCIAL	4998	8933	586	231	222	389	0	199	15558
DISTRICT OF MANITOULIN	BUS	36	100	17	3	2	2	0	2	162
DISTRICT OF MANITOULIN	TRAILER	12752	1452	11	6	132	105	0	0	14458
DISTRICT OF MANITOULIN	SNOW VEHICLE	2202	2701	0	32	14	208	0	0	5157
DISTRICT OF MANITOULIN	OFF ROAD	3630	433	8	2	6	22	0	0	4101
MIDDLESEX	PASSENGER	261601	386304	41781	380877	57686	16397	27	5057	1149730
MIDDLESEX	MOTORCYCLE	7141	12264	3298	200	885	356	2	134	24280
MIDDLESEX	MOPED	13	624	32	6	3	15	0	1	694
MIDDLESEX	COMMERCIAL	53515	127194	8323	37695	19454	2567	129	1295	250172
MIDDLESEX	BUS	2092	1652	201	489	87	63	4	6	4594
MIDDLESEX	TRAILER	86935	15250	385	115	2007	797	3	0	105492
MIDDLESEX	SNOW VEHICLE	4102	6848	0	50	46	278	1	0	11325
MIDDLESEX	OFF ROAD	8496	2790	112	5	67	93	0	0	11563
MUSKOKA	PASSENGER	36993	78226	7598	23839	6635	2759	1	1018	157069
MUSKOKA	MOTORCYCLE	2140	3617	905	11	195	85	0	34	6987
MUSKOKA	MOPED	3	214	7	0	2	5	0	0	231
MUSKOKA	COMMERCIAL	17151	26660	2346	4253	2419	727	0	573	54129
MUSKOKA	BUS	253	333	61	15	62	1	0	2	727
MUSKOKA	TRAILER	45005	5618	46	33	409	369	0	0	51480
MUSKOKA	SNOW VEHICLE	8295	11636	0	80	111	611	0	0	20733
MUSKOKA	OFF ROAD	10011	1400	8	10	52	83	0	0	11564
NIAGARA	PASSENGER	278476	382344	62256	379678	22062	13725	58	6506	1145105
NIAGARA	MOTORCYCLE	10265	15213	3839	162	770	354	3	211	30817
NIAGARA	MOPED	17	1019	29	5	5	47	0	1	1123
NIAGARA	COMMERCIAL	66410	83030	10969	34481	3849	2189	13	1890	202831
NIAGARA	BUS	880	1072	360	158	66	73	0	14	2623
NIAGARA	TRAILER	112431	17862	426	123	1353	978	0	0	133173
NIAGARA	SNOW VEHICLE	5372	8386	0	44	86	511	0	0	14399
NIAGARA	OFF ROAD	14105	3527	65	3	125	118	0	0	17943
DISTRICT OF NIPISSING	PASSENGER	43855	81733	8786	62290	8426	7488	1	1326	213905
DISTRICT OF NIPISSING	MOTORCYCLE	2304	3718	938	32	464	244	0	41	7741
DISTRICT OF NIPISSING	MOPED	5	173	13	1	6	8	0	0	206
DISTRICT OF NIPISSING	COMMERCIAL	19647	29067	3283	10892	3273	2769	0	633	69564
DISTRICT OF NIPISSING	BUS	1513	1002	75	139	62	9	0	12	2812
DISTRICT OF NIPISSING	TRAILER	52992	6991	171	63	1217	982	0	0	62416
DISTRICT OF NIPISSING	SNOW VEHICLE	9846	11278	0	211	476	1457	0	0	23268
DISTRICT OF NIPISSING	OFF ROAD	16101	2167	108	13	403	237	0	0	19029
NORTHUMBERLAND	PASSENGER	54656	109097	9399	35664	5236	3795	3	2319	220169
NORTHUMBERLAND	MOTORCYCLE	2877	4245	1228	53	267	125	0	82	8877
NORTHUMBERLAND	MOPED	7	269	19	1	1	11	0	0	308
NORTHUMBERLAND	COMMERCIAL	18322	30951	2488	4778	1633	813	1	851	59837
NORTHUMBERLAND	BUS	137	273	38	39	8	11	0	0	506
NORTHUMBERLAND	TRAILER	43220	6663	44	42	547	403	0	0	50919
NORTHUMBERLAND	SNOW VEHICLE	3480	4743	0	72	45	253	0	0	8593
NORTHUMBERLAND	OFF ROAD	10173	1787	16	4	76	88	0	0	12144
OXFORD	PASSENGER	67959	113874	10065	49665	11051	2748	1	1953	257316
OXFORD	MOTORCYCLE	3609	5285	1430	249	225	114	0	49	10961
OXFORD	MOPED	1	323	12	3	0	9	0	0	348
OXFORD	COMMERCIAL	26516	41759	3782	5707	3488	658	2	792	82704
OXFORD	BUS	52	376	112	26	88	4	0	7	665
OXFORD	TRAILER	46234	8152	154	33	1149	397	0	0	56119
OXFORD	SNOW VEHICLE	3287	4914	0	20	38	196	0	0	8455
OXFORD	OFF ROAD	7130	2175	29	3	33	43	0	0	9413
DISTRICT OF PARRY SOUND	PASSENGER	26401	65292	5718	7723	2108	3456	1	903	111602
DISTRICT OF PARRY SOUND	MOTORCYCLE	1699	3100	823	13	141	139	0	32	5947
DISTRICT OF PARRY SOUND	MOPED	1	141	6	0	0	6	0	0	154
DISTRICT OF PARRY SOUND	COMMERCIAL	14142	25417	2445	1564	793	1118	2	480	45961
DISTRICT OF PARRY SOUND	BUS	85	309	50	11	0	5	0	13	473
DISTRICT OF PARRY SOUND	TRAILER	42328	4781	55	37	342	456	0	0	47999
DISTRICT OF PARRY SOUND	SNOW VEHICLE	9698	11401	0	208	110	849	0	0	22266
DISTRICT OF PARRY SOUND	OFF ROAD	13682	1606	19	1	69	106	0	0	15483
PEEL	PASSENGER	739360	815325	155031	377807	147794	34179	62	12678	2282236
PEEL	MOTORCYCLE	11634	16062	6455	78	1392	251	1	392	36265
PEEL	MOPED	25	684	36	2	8	7	0	0	762
PEEL	COMMERCIAL	121631	157394	25141	31653	30770	5604	14	2151	374358
PEEL	BUS	2238	2429	309	278	336	65	0	21	5676
PEEL	TRAILER	227975	44176	1934	120	21096	5021	2	0	300324
PEEL	SNOW VEHICLE	4769	7052	0	32	171	213	0	0	12237
PEEL	OFF ROAD	9260	2769	446	0	192	57	0	0	12724
PERTH	PASSENGER	42524	76505	6631	42120	2823	1664	0	1024	173291
PERTH	MOTORCYCLE	1987	2882	779	9	134	74	1	26	5892
PERTH	MOPED	6	192	6	1	1	4	0	0	210
PERTH	COMMERCIAL	15995	56426	2859	7046	1199	511	2	514	84552
PERTH	BUS	204	183	44	77	15	13	0	2	538
PERTH	TRAILER	26683	4617	70	24	301	175	0	0	31870
PERTH	SNOW VEHICLE	2941	4474	0	43	45	231	0	0	7734
PERTH	OFF ROAD	4468	1241	25	1	32	26	0	0	5793
PETERBOROUGH	PASSENGER	80299	142592	15485	79643	7486	7458	2	2941	335906
PETERBOROUGH	MOTORCYCLE	3219	5795	1456	291	300	169	0	69	11299
PETERBOROUGH	MOPED	1	320	9	2	5	14	0	0	351
PETERBOROUGH	COMMERCIAL	24365	37067	4075	9025	1914	1494	1	1063	79004
PETERBOROUGH	BUS	577	1556	122	195	125	28	0	6	2609
PETERBOROUGH	TRAILER	63326	9688	92	33	637	463	0	0	74239
PETERBOROUGH	SNOW VEHICLE	6777	9452	0	47	80	567	0	0	16923
PETERBOROUGH	OFF ROAD	14492	2459	20	19	50	93	0	0	17133
PRESCOTT & RUSSELL	PASSENGER	64173	126868	28407	37921	72452	5406	0	2758	337985
PRESCOTT & RUSSELL	MOTORCYCLE	4027	5013	1416	71	3558	112	0	72	14269
PRESCOTT & RUSSELL	MOPED	5	300	14	6	29	4	0	0	358
PRESCOTT & RUSSELL	COMMERCIAL	19179	28496	3708	3773	17247	1208	1	800	74412
PRESCOTT & RUSSELL	BUS	530	595	75	36	239	13	0	4	1492
PRESCOTT & RUSSELL	TRAILER	50548	6148	132	107	6620	422	0	0	63977
PRESCOTT & RUSSELL	SNOW VEHICLE	4710	6632	0	22	2344	262	0	0	13970
PRESCOTT & RUSSELL	OFF ROAD	10718	2813	43	1	3290	98	0	0	16963
PRINCE EDWARD	PASSENGER	15276	32957	3035	23786	1436	848	0	800	78138
PRINCE EDWARD	MOTORCYCLE	798	1403	384	5	93	21	0	13	2717
PRINCE EDWARD	MOPED	0	118	6	0	1	6	0	0	131
PRINCE EDWARD	COMMERCIAL	5476	9840	865	3440	308	210	2	320	20461
PRINCE EDWARD	BUS	58	73	20	24	1	1	0	1	178
PRINCE EDWARD	TRAILER	15062	2038	22	10	171	115	0	0	17418
PRINCE EDWARD	SNOW VEHICLE	1171	1586	0	7	11	93	0	0	2868
PRINCE EDWARD	OFF ROAD	3391	528	6	0	34	21	0	0	3980
DISTRICT OF RAINY RIVER	PASSENGER	8694	29854	1468	417	1091	847	0	180	42551
DISTRICT OF RAINY RIVER	MOTORCYCLE	529	1286	159	3	52	24	0	3	2056
DISTRICT OF RAINY RIVER	MOPED	1	32	0	0	0	1	0	0	34
DISTRICT OF RAINY RIVER	COMMERCIAL	7701	17504	1036	227	540	446	0	136	27590
DISTRICT OF RAINY RIVER	BUS	66	190	20	0	1	11	0	1	289
DISTRICT OF RAINY RIVER	TRAILER	19609	1662	17	13	166	58	0	0	21525
DISTRICT OF RAINY RIVER	SNOW VEHICLE	3911	5302	0	60	20	214	0	0	9507
DISTRICT OF RAINY RIVER	OFF ROAD	4259	538	0	0	15	24	0	0	4836
RENFREW	PASSENGER	57353	131191	8516	68664	21361	6069	0	1930	295084
RENFREW	MOTORCYCLE	2713	5025	1177	48	1164	122	0	63	10312
RENFREW	MOPED	9	206	9	1	9	8	0	0	242
RENFREW	COMMERCIAL	24645	41691	2931	10366	6547	1438	1	823	88442
RENFREW	BUS	278	1100	118	361	97	39	0	5	1998
RENFREW	TRAILER	60956	7457	71	34	2509	522	0	0	71549
RENFREW	SNOW VEHICLE	8245	11882	0	66	1086	801	0	0	22080
RENFREW	OFF ROAD	18857	2454	14	4	1059	97	0	1	22486
SIMCOE	PASSENGER	306272	450396	40076	336323	29007	13924	11	9229	1185238
SIMCOE	MOTORCYCLE	14206	20325	4518	126	1657	400	0	316	41548
SIMCOE	MOPED	15	1059	29	2	18	32	1	2	1158
SIMCOE	COMMERCIAL	81970	108201	10170	37910	7208	2842	3	2790	251094
SIMCOE	BUS	2164	1342	290	2998	61	549	0	32	7436
SIMCOE	TRAILER	180360	26081	357	102	2813	1300	0	0	211013
SIMCOE	SNOW VEHICLE	21858	31500	0	123	377	1339	2	0	55199
SIMCOE	OFF ROAD	32089	5557	74	18	332	189	0	0	38259
DISTRICT OF SUDBURY	PASSENGER	94571	169584	16904	63250	10079	9110	3	2440	365941
DISTRICT OF SUDBURY	MOTORCYCLE	5000	6698	1732	108	520	267	0	80	14405
DISTRICT OF SUDBURY	MOPED	3	219	25	0	4	10	0	0	261
DISTRICT OF SUDBURY	COMMERCIAL	46345	60302	6163	12421	3842	2608	1	1174	132856
DISTRICT OF SUDBURY	BUS	272	919	215	147	50	33	0	4	1640
DISTRICT OF SUDBURY	TRAILER	108591	13402	168	174	1375	1118	0	0	124828
DISTRICT OF SUDBURY	SNOW VEHICLE	22806	22275	1	480	375	2171	0	0	48108
DISTRICT OF SUDBURY	OFF ROAD	33810	4097	43	24	341	372	1	0	38688
DISTRICT OF TIMISKAMING	PASSENGER	14682	37722	2845	4314	5513	5021	1	553	70651
DISTRICT OF TIMISKAMING	MOTORCYCLE	895	1859	443	9	243	137	0	11	3597
DISTRICT OF TIMISKAMING	MOPED	1	55	4	0	2	9	0	0	71
DISTRICT OF TIMISKAMING	COMMERCIAL	10059	18090	1534	1037	2501	1592	0	390	35203
DISTRICT OF TIMISKAMING	BUS	236	313	90	89	14	54	0	10	806
DISTRICT OF TIMISKAMING	TRAILER	27502	3039	30	14	1504	583	0	0	32672
DISTRICT OF TIMISKAMING	SNOW VEHICLE	6421	7022	0	70	656	881	0	0	15050
DISTRICT OF TIMISKAMING	OFF ROAD	8950	1161	10	2	496	168	0	0	10787
DISTRICT OF THUNDER BAY	PASSENGER	72626	170857	13095	48834	9141	6223	0	1722	322498
DISTRICT OF THUNDER BAY	MOTORCYCLE	3311	6679	1215	24	447	202	2	40	11920
DISTRICT OF THUNDER BAY	MOPED	8	272	13	1	4	7	0	0	305
DISTRICT OF THUNDER BAY	COMMERCIAL	41546	76537	6303	11002	3350	2636	0	1391	142765
DISTRICT OF THUNDER BAY	BUS	431	1025	157	54	23	39	0	5	1734
DISTRICT OF THUNDER BAY	TRAILER	87416	7099	138	47	903	591	4	0	96198
DISTRICT OF THUNDER BAY	SNOW VEHICLE	13556	18243	0	119	114	1477	0	0	33509
DISTRICT OF THUNDER BAY	OFF ROAD	19394	1742	28	6	120	138	0	0	21428
VICTORIA	PASSENGER	43809	96043	8683	31439	2847	2463	0	2190	187474
VICTORIA	MOTORCYCLE	2204	3828	1089	18	150	78	1	64	7432
VICTORIA	MOPED	4	180	11	1	1	3	0	0	200
VICTORIA	COMMERCIAL	18171	29719	3157	4553	815	534	0	925	57874
VICTORIA	BUS	198	174	65	37	17	0	0	8	499
VICTORIA	TRAILER	46654	6982	119	25	359	257	0	0	54396
VICTORIA	SNOW VEHICLE	5895	9067	0	26	64	264	0	0	15316
VICTORIA	OFF ROAD	10539	2344	76	0	43	50	0	0	13052
WATERLOO	PASSENGER	320742	295321	36807	294501	23743	9240	10	4940	985304
WATERLOO	MOTORCYCLE	10261	14682	3285	37	752	271	1	180	29469
WATERLOO	MOPED	12	803	23	3	5	21	0	1	868
WATERLOO	COMMERCIAL	59497	59977	7132	29989	5367	1682	0	1139	164783
WATERLOO	BUS	565	940	94	101	84	25	0	21	1830
WATERLOO	TRAILER	103063	21759	337	83	2756	1013	0	0	129011
WATERLOO	SNOW VEHICLE	5820	7829	0	29	116	313	0	0	14107
WATERLOO	OFF ROAD	9630	2251	107	2	121	59	0	0	12170
WELLINGTON	PASSENGER	132415	175313	36119	129694	16476	6330	3	2342	498692
WELLINGTON	MOTORCYCLE	5183	7567	2132	25	424	210	2	81	15624
WELLINGTON	MOPED	6	405	17	1	6	8	0	0	443
WELLINGTON	COMMERCIAL	35066	56715	8185	15543	4769	3765	0	851	124894
WELLINGTON	BUS	223	338	84	150	14	52	0	4	865
WELLINGTON	TRAILER	62156	10118	538	67	1090	1476	0	0	75445
WELLINGTON	SNOW VEHICLE	5383	8385	0	35	84	367	0	0	14254
WELLINGTON	OFF ROAD	8042	2216	277	1	96	94	0	0	10726
HAMILTON-WENTWORTH	PASSENGER	289167	393029	52433	391530	22442	13996	14	5771	1168382
HAMILTON-WENTWORTH	MOTORCYCLE	8318	12926	3365	86	614	305	0	219	25833
HAMILTON-WENTWORTH	MOPED	19	704	17	3	7	14	0	2	766
HAMILTON-WENTWORTH	COMMERCIAL	52161	81098	10669	31946	7485	2353	1	1314	187027
HAMILTON-WENTWORTH	BUS	731	1203	247	330	155	54	0	10	2730
HAMILTON-WENTWORTH	TRAILER	89379	14180	816	114	1795	778	0	0	107062
HAMILTON-WENTWORTH	SNOW VEHICLE	3744	5265	0	20	63	234	0	0	9326
HAMILTON-WENTWORTH	OFF ROAD	7596	1602	45	1	67	42	0	0	9353
METRO TORONTO	PASSENGER	1106618	1407340	309125	751895	238009	56467	199	17638	3887291
METRO TORONTO	MOTORCYCLE	19990	37840	12307	208	3319	782	3	482	74931
METRO TORONTO	MOPED	70	2837	106	9	47	50	0	2	3121
METRO TORONTO	COMMERCIAL	121159	200169	42154	43985	29216	5627	18	2656	444984
METRO TORONTO	BUS	5112	7204	1101	272	430	101	0	128	14348
METRO TORONTO	TRAILER	156904	28531	4122	131	8450	1123	1	0	199262
METRO TORONTO	SNOW VEHICLE	6955	12025	2	41	246	273	0	0	19542
METRO TORONTO	OFF ROAD	11878	4679	1575	10	252	79	0	0	18473
YORK	PASSENGER	669268	599541	178462	299253	106353	24162	56	7465	1884560
YORK	MOTORCYCLE	12232	18471	8880	65	2728	271	5	326	42978
YORK	MOPED	22	660	36	3	7	17	0	2	747
YORK	COMMERCIAL	97569	128135	21135	28015	14916	4730	14	1817	296331
YORK	BUS	1560	2778	493	1445	306	105	0	24	6711
YORK	TRAILER	146186	22637	1430	114	7541	1063	1	0	178972
YORK	SNOW VEHICLE	9434	14316	0	55	179	370	1	0	24355
YORK	OFF ROAD	15744	4521	971	3	270	113	0	0	21622
