VEHICLE_CLASS	DESCRIPTOR	VALUE	FIT-ACTIVE	FIT-INACTIVE	UNFIT	WRECKED	OUT-OF-PROV	SOLD	SUSPENDED	TEMPORARY	TOTAL
PASSENGER	CYLINDERS	00	27742	2259	497	32	803	50	0	8	31391
PASSENGER	CYLINDERS	02	1404	2150	596	461	412	143	0	146	5312
PASSENGER	CYLINDERS	03	20181	32520	3594	16473	9439	1298	1	302	83808
PASSENGER	CYLINDERS	04	4560048	4256573	724409	2387002	750517	179552	185	72526	12930812
PASSENGER	CYLINDERS	05	57029	56355	9971	23878	16330	2478	5	1533	167579
PASSENGER	CYLINDERS	06	2265012	3838187	504703	2069469	634253	174180	252	69293	9555349
PASSENGER	CYLINDERS	08	325273	2179907	322028	963954	230278	80450	162	17256	4119308
PASSENGER	CYLINDERS	10	11309	18569	1952	4798	3602	524	1	240	40995
PASSENGER	CYLINDERS	12	3541	4792	1088	338	1072	122	2	171	11126
PASSENGER	CYLINDERS	OTHER	97	588	229	72	68	29	7	7	1097
PASSENGER	MOTIVE POWER	B	1	59	6	25	8	2	0	0	101
PASSENGER	MOTIVE POWER	D	100829	96872	15091	61002	18143	3108	23	2441	297509
PASSENGER	MOTIVE POWER	E	34	190	30	14	9	12	0	0	289
PASSENGER	MOTIVE POWER	F	573761	179067	28286	17441	40197	6894	9	2150	847805
PASSENGER	MOTIVE POWER	G	6448157	10087985	1518190	5383558	1581180	427592	578	156560	25603800
PASSENGER	MOTIVE POWER	K	1	50	6	45	3	15	0	0	120
PASSENGER	MOTIVE POWER	L	101424	18656	6136	2361	4949	972	4	299	134801
PASSENGER	MOTIVE POWER	N	13	120	7	45	4	3	0	2	194
PASSENGER	MOTIVE POWER	P	36	4600	311	1886	246	113	0	15	7207
PASSENGER	MOTIVE POWER	V	47364	4168	973	37	2022	112	1	13	54690
PASSENGER	MOTIVE POWER	OTHER	16	133	31	63	13	3	0	2	261
PASSENGER	BODY TYPE	CV	124470	94092	19776	11972	31584	2651	29	2535	287109
PASSENGER	BODY TYPE	DB	105	354	160	5	15	9	2	4	654
PASSENGER	BODY TYPE	MH	23597	39904	4314	2298	8005	1071	39	2635	81863
PASSENGER	BODY TYPE	SW	86000	17347	5858	10622	8169	655	1	368	129020
PASSENGER	BODY TYPE	SX	404	759	170	144	135	22	0	36	1670
PASSENGER	BODY TYPE	TY	2962336	1208970	216323	244387	267016	57946	182	26295	4983455
PASSENGER	BODY TYPE	VN	519529	1053203	113419	579810	205096	49809	33	19550	2540449
PASSENGER	BODY TYPE	2B	71552	400691	48621	238037	81327	16238	12	7683	864161
PASSENGER	BODY TYPE	2D	284293	2000768	282167	1190465	249467	85431	87	18739	4111417
PASSENGER	BODY TYPE	2W	404	24710	3302	14944	2846	1411	0	42	47659
PASSENGER	BODY TYPE	4B	541279	366949	67960	203633	79661	15219	11	5175	1279887
PASSENGER	BODY TYPE	4D	2525610	4172557	621588	2587075	618992	185264	208	72325	10783619
PASSENGER	BODY TYPE	4W	132057	471249	52183	285292	68278	21617	11	6095	1036782
PASSENGER	BODY TYPE	OTHER	0	540347	133226	97793	26183	1483	0	0	799032
PASSENGER	YEAR	2021	68316	887	70	0	79	5	0	15	69372
PASSENGER	YEAR	2020	438427	27057	2470	20	4363	688	0	97	473122
PASSENGER	YEAR	2019	555376	69646	8642	136	15689	1254	0	183	650926
PASSENGER	YEAR	2018	581279	77377	14813	400	19582	2085	1	245	695782
PASSENGER	YEAR	2017	579466	95202	20000	980	28157	2582	2	350	726739
PASSENGER	YEAR	2016	526311	89027	20272	1687	31025	2723	30	415	671490
PASSENGER	YEAR	2015	531007	93155	23073	3045	31428	3452	42	559	685761
PASSENGER	YEAR	2014	465272	83888	23622	6128	29655	2958	18	669	612210
PASSENGER	YEAR	2013	462480	92244	29228	10626	31003	3533	21	979	630114
PASSENGER	YEAR	2012	412458	87831	29063	15362	29164	3376	9	1183	578446
PASSENGER	YEAR	2011	362179	98810	30181	18957	27721	4118	9	1692	543667
PASSENGER	YEAR	2010	399203	113620	40288	25309	32105	5207	7	2538	618277
PASSENGER	YEAR	2009	306733	112919	40113	31558	30841	5357	11	3249	530781
PASSENGER	YEAR	2008	312063	163051	46412	44226	40809	8163	17	5026	619767
PASSENGER	YEAR	2007	277643	196380	52786	66505	41219	9526	24	6934	651017
PASSENGER	YEAR	2006	220772	200321	48605	79702	40488	10412	34	7752	608086
PASSENGER	YEAR	2005	172552	226701	49139	110558	38688	12261	44	9222	619165
PASSENGER	YEAR	2004	119585	218640	43811	112050	33610	11465	49	9069	548279
PASSENGER	YEAR	2003	103747	279836	51059	157284	43886	15868	37	11753	663470
PASSENGER	YEAR	2002	70636	297867	46139	180192	49682	17802	30	11971	674319
PASSENGER	YEAR	2001	45482	275409	41748	166596	55294	16844	37	10942	612352
PASSENGER	YEAR	2000	38862	298142	43435	194078	61873	19218	27	11449	667084
PASSENGER	YEAR	1999	25807	255163	34100	161115	54774	15053	13	9163	555188
PASSENGER	YEAR	1998	18504	265620	34154	170136	69373	12730	15	9006	579538
PASSENGER	YEAR	1997	13764	239585	31112	157813	44031	10522	25	7628	504480
PASSENGER	YEAR	1996	7907	195436	24065	127590	29360	8313	8	5567	398246
PASSENGER	YEAR	1995	8482	233936	28871	158644	33938	9709	8	5828	479416
PASSENGER	YEAR	1994	6150	211579	25338	147974	32560	8891	7	4473	436972
PASSENGER	YEAR	1993	5238	222714	25384	153257	34837	9379	1	4029	454839
PASSENGER	YEAR	1992	5201	242321	26805	162261	38307	10259	4	3749	488907
PASSENGER	YEAR	1991	5398	239457	24773	152951	36510	9822	19	2695	471625
PASSENGER	YEAR	1990	6034	257169	25437	161224	39162	10419	19	2288	501752
PASSENGER	YEAR	1989	5347	284804	25647	176066	41459	11520	5	1828	546676
PASSENGER	YEAR	1988	5582	308302	25785	182373	45679	12321	2	1732	581776
PASSENGER	YEAR	1987	6200	289776	21816	168962	41355	11088	1	859	540057
PASSENGER	YEAR	1986	5033	323950	22692	189884	44621	13256	0	677	600113
PASSENGER	YEAR	1985	4260	292073	19489	170767	40703	11571	0	538	539401
PASSENGER	YEAR	1984	3643	266324	17377	153188	38472	10325	0	527	489856
PASSENGER	YEAR	1983	2202	189841	11827	108255	26622	7236	3	261	346247
PASSENGER	YEAR	1982	1712	172777	11464	100348	23922	6336	5	190	316754
PASSENGER	YEAR	1981	2981	233477	16482	130936	30081	8165	1	316	422439
PASSENGER	YEAR	1980	3212	240523	19501	134771	30488	8309	1	271	437076
PASSENGER	YEAR	1979	4265	256053	22221	134524	28664	8359	1	402	454489
PASSENGER	YEAR	1978	3466	259608	24088	146056	26193	7734	3	297	467445
PASSENGER	YEAR	1977	2754	244679	24480	137246	21191	7312	4	276	437942
PASSENGER	YEAR	1976	2860	243839	27840	141650	18257	7570	2	274	442292
PASSENGER	YEAR	1975	2301	197915	25948	115702	13172	6680	3	214	361935
PASSENGER	YEAR	1974	2861	203438	36299	120539	11518	7383	5	175	382218
PASSENGER	YEAR	1973	3208	196981	42375	111453	8863	7591	2	216	370689
PASSENGER	YEAR	1972	3920	149549	35713	76445	5901	5514	1	175	277218
PASSENGER	YEAR	1971	3254	106252	28181	51748	3670	4051	3	149	197308
PASSENGER	YEAR	1970	4370	88105	25332	40669	3013	3281	0	149	164919
PASSENGER	YEAR	1969	5909	82358	24882	34268	2741	2813	1	172	153144
PASSENGER	YEAR	1968	4741	60178	18548	24051	2165	2003	0	145	111831
PASSENGER	YEAR	1967	4680	38274	12609	13663	1650	1296	0	116	72288
PASSENGER	YEAR	1966	4096	28742	9274	10240	1332	891	1	110	54686
PASSENGER	YEAR	1965	3276	18480	6072	6321	936	588	1	82	35756
PASSENGER	YEAR	1964	2357	11796	4036	3526	614	345	0	76	22750
PASSENGER	YEAR	1963	1479	6749	2418	1835	434	213	0	63	13191
PASSENGER	YEAR	1962	1156	4749	1868	1031	364	119	1	32	9320
PASSENGER	YEAR	1961	798	2849	1146	476	208	70	0	25	5572
PASSENGER	YEAR	1960	792	2348	1146	311	235	60	0	24	4916
PASSENGER	YEAR	1959	821	1914	1092	154	193	50	0	20	4244
PASSENGER	YEAR	1958	695	1597	885	95	177	49	0	27	3525
PASSENGER	YEAR	1957	1400	2202	1358	91	372	63	1	29	5516
PASSENGER	YEAR	1956	1201	1886	1184	77	290	67	0	26	4731
PASSENGER	YEAR	1955	1362	1881	1167	52	276	55	0	19	4812
PASSENGER	YEAR	1954	534	978	595	41	130	25	0	15	2318
PASSENGER	YEAR	1953	673	1123	736	42	119	32	0	14	2739
PASSENGER	YEAR	1952	679	964	614	32	77	23	0	20	2409
PASSENGER	YEAR	1951	704	933	645	29	105	29	0	19	2464
PASSENGER	YEAR	1950	643	822	623	18	96	23	0	15	2240
PASSENGER	YEAR	1949	433	631	474	11	63	26	0	10	1648
PASSENGER	YEAR	1948	464	657	465	14	65	18	0	8	1691
PASSENGER	YEAR	1947	457	689	598	19	70	22	0	21	1876
PASSENGER	YEAR	1946	247	357	294	5	36	19	0	8	966
PASSENGER	YEAR	1945	47	41	17	1	5	2	0	0	113
PASSENGER	YEAR	1944	32	17	19	1	1	1	0	2	73
PASSENGER	YEAR	1943	22	34	15	1	3	0	0	1	76
PASSENGER	YEAR	1942	100	135	118	4	12	5	0	5	379
PASSENGER	YEAR	1941	250	376	291	2	45	9	0	8	981
PASSENGER	YEAR	1940	372	514	435	5	65	15	0	16	1422
PASSENGER	YEAR	1939	275	441	340	5	53	20	0	8	1142
PASSENGER	YEAR	1938	311	433	345	4	43	21	0	6	1163
PASSENGER	YEAR	1937	358	560	486	9	84	25	0	10	1532
PASSENGER	YEAR	1936	269	364	298	2	46	16	0	2	997
PASSENGER	YEAR	1935	201	315	245	1	27	8	0	5	802
PASSENGER	YEAR	1934	355	514	356	2	62	19	0	6	1314
PASSENGER	YEAR	1933	188	301	196	0	35	11	0	0	731
PASSENGER	YEAR	1932	410	600	402	3	51	18	0	6	1490
PASSENGER	YEAR	1931	672	886	550	1	98	25	0	13	2245
PASSENGER	YEAR	1930	710	939	628	5	91	31	0	14	2418
PASSENGER	YEAR	1929	504	665	512	1	61	25	0	7	1775
PASSENGER	YEAR	1928	410	581	421	1	46	15	0	9	1483
PASSENGER	YEAR	1927	173	374	305	3	25	10	0	11	901
PASSENGER	YEAR	1926	151	243	198	2	19	5	0	4	622
PASSENGER	YEAR	1925	52	137	89	0	10	6	0	0	294
PASSENGER	YEAR	1924	47	106	78	1	4	6	0	4	246
PASSENGER	YEAR	1923	163	234	126	2	32	5	0	3	565
PASSENGER	YEAR	1922	34	78	47	0	6	2	0	0	167
PASSENGER	YEAR	1921	17	38	23	0	3	3	0	0	84
PASSENGER	YEAR	1920	11	30	20	0	2	0	0	0	63
PASSENGER	YEAR	1919	14	122	42	52	6	4	0	0	240
PASSENGER	YEAR	1918	9	38	13	1	0	1	0	0	62
PASSENGER	YEAR	1917	20	48	29	4	3	2	0	0	106
PASSENGER	YEAR	1916	4	25	10	1	1	2	0	1	44
PASSENGER	YEAR	1915	27	46	19	1	6	3	0	1	103
PASSENGER	YEAR	1914	20	36	21	0	5	1	0	0	83
PASSENGER	YEAR	1913	13	37	13	0	3	2	0	0	68
PASSENGER	YEAR	1912	8	32	8	0	1	4	0	0	53
PASSENGER	YEAR	1911	8	45	8	4	2	4	0	0	71
PASSENGER	YEAR	1910	3	19	11	1	1	1	0	0	36
PASSENGER	YEAR	1909	5	8	10	1	3	0	0	0	27
PASSENGER	YEAR	1908	2	13	2	5	2	1	0	0	25
PASSENGER	YEAR	1907	2	5	8	0	2	0	0	0	17
PASSENGER	YEAR	1906	1	8	5	2	2	2	0	0	20
PASSENGER	YEAR	1905	0	6	3	0	0	0	0	0	9
PASSENGER	YEAR	1904	1	4	2	1	1	0	0	0	9
PASSENGER	YEAR	1903	1	10	4	0	0	0	0	0	15
PASSENGER	YEAR	1902	1	4	2	0	0	1	0	0	8
PASSENGER	YEAR	1901	0	6	3	0	0	0	0	0	9
PASSENGER	YEAR	1900	1	19	0	0	2	0	0	0	22
MOTORCYCLE	MOTIVE POWER	G	223260	359266	101730	2978	41294	8725	33	4908	742194
MOTORCYCLE	MOTIVE POWER	OTHER	17	52	21	1	7	4	0	1	103
MOTORCYCLE	BODY TYPE	MB	6	301	120	2	7	8	0	1	445
MOTORCYCLE	BODY TYPE	MD	11859	11727	3628	23	1194	244	0	188	28863
MOTORCYCLE	BODY TYPE	MS	206379	338077	95509	2913	39010	8293	30	4570	694781
MOTORCYCLE	BODY TYPE	MT	3046	8500	2261	40	902	172	3	141	15065
MOTORCYCLE	BODY TYPE	MW	1987	612	176	1	188	12	0	9	2985
MOTORCYCLE	BODY TYPE	OTHER	0	101	57	0	0	0	0	0	158
MOTORCYCLE	YEAR	2021	306	36	1	0	0	0	0	0	343
MOTORCYCLE	YEAR	2020	5114	395	43	0	20	0	0	7	5579
MOTORCYCLE	YEAR	2019	8457	1374	188	0	105	1	0	20	10145
MOTORCYCLE	YEAR	2018	9446	1700	340	0	193	16	0	41	11736
MOTORCYCLE	YEAR	2017	8895	2080	406	2	306	19	0	61	11769
MOTORCYCLE	YEAR	2016	8621	2037	541	4	400	19	0	60	11682
MOTORCYCLE	YEAR	2015	8870	2625	748	5	456	38	0	78	12820
MOTORCYCLE	YEAR	2014	8937	2779	689	17	587	34	0	72	13115
MOTORCYCLE	YEAR	2013	8708	3338	878	9	657	32	0	99	13721
MOTORCYCLE	YEAR	2012	8118	3152	894	4	685	36	1	81	12971
MOTORCYCLE	YEAR	2011	7214	3244	969	9	668	39	2	91	12236
MOTORCYCLE	YEAR	2010	6839	3470	807	2	656	44	0	98	11916
MOTORCYCLE	YEAR	2009	12798	7408	1916	18	1200	118	1	226	23685
MOTORCYCLE	YEAR	2008	13243	8261	2204	28	1247	139	4	265	25391
MOTORCYCLE	YEAR	2007	12799	8360	2137	21	1216	93	0	219	24845
MOTORCYCLE	YEAR	2006	11930	8152	2001	42	1173	113	0	244	23655
MOTORCYCLE	YEAR	2005	10004	7227	1755	41	1080	94	1	214	20416
MOTORCYCLE	YEAR	2004	8693	6513	1613	26	960	86	4	201	18096
MOTORCYCLE	YEAR	2003	9932	8597	2034	30	1178	128	2	229	22130
MOTORCYCLE	YEAR	2002	7309	7530	1713	31	980	99	2	196	17860
MOTORCYCLE	YEAR	2001	6587	7306	1808	38	1161	117	2	191	17210
MOTORCYCLE	YEAR	2000	5896	6969	1857	31	1228	126	2	203	16312
MOTORCYCLE	YEAR	1999	4024	5253	1248	14	995	89	0	132	11755
MOTORCYCLE	YEAR	1998	2772	3965	978	15	1042	72	0	117	8961
MOTORCYCLE	YEAR	1997	2169	3510	816	9	848	50	1	73	7476
MOTORCYCLE	YEAR	1996	1636	3471	763	20	537	91	1	63	6582
MOTORCYCLE	YEAR	1995	1324	2903	643	10	497	41	0	48	5466
MOTORCYCLE	YEAR	1994	1076	3019	747	12	491	71	0	56	5472
MOTORCYCLE	YEAR	1993	1121	3175	746	13	522	46	0	45	5668
MOTORCYCLE	YEAR	1992	868	2589	673	11	482	71	2	46	4742
MOTORCYCLE	YEAR	1991	850	2488	638	6	422	44	0	36	4484
MOTORCYCLE	YEAR	1990	820	3091	767	10	483	81	0	39	5291
MOTORCYCLE	YEAR	1989	742	3575	943	11	531	86	1	59	5948
MOTORCYCLE	YEAR	1988	832	4290	1143	19	592	93	0	57	7026
MOTORCYCLE	YEAR	1987	786	4672	1220	21	627	123	0	65	7514
MOTORCYCLE	YEAR	1986	1370	8964	2202	61	1099	194	0	99	13989
MOTORCYCLE	YEAR	1985	1804	13517	3063	92	1587	333	0	159	20555
MOTORCYCLE	YEAR	1984	1760	17369	4030	186	2061	423	0	193	26022
MOTORCYCLE	YEAR	1983	1506	18855	4713	248	1975	441	2	173	27913
MOTORCYCLE	YEAR	1982	1635	23828	6109	358	2169	699	0	153	34951
MOTORCYCLE	YEAR	1981	1068	17101	4427	235	1471	462	2	96	24862
MOTORCYCLE	YEAR	1980	727	12789	3292	164	1047	386	0	63	18468
MOTORCYCLE	YEAR	1979	724	13547	3717	163	918	451	0	51	19571
MOTORCYCLE	YEAR	1978	707	15657	4464	218	1018	519	0	40	22623
MOTORCYCLE	YEAR	1977	509	11044	3410	151	674	374	2	26	16190
MOTORCYCLE	YEAR	1976	465	8265	2574	96	466	301	0	16	12183
MOTORCYCLE	YEAR	1975	450	10942	3660	117	569	418	1	19	16176
MOTORCYCLE	YEAR	1974	421	9036	3187	116	382	335	0	12	13489
MOTORCYCLE	YEAR	1973	411	7407	2743	81	337	258	0	9	11246
MOTORCYCLE	YEAR	1972	364	7443	2824	65	331	280	0	20	11327
MOTORCYCLE	YEAR	1971	238	3868	1611	43	176	167	0	8	6111
MOTORCYCLE	YEAR	1970	207	2239	1123	17	128	70	0	6	3790
MOTORCYCLE	YEAR	1969	170	1775	1085	10	103	49	0	4	3196
MOTORCYCLE	YEAR	1968	143	1411	908	8	85	49	0	4	2608
MOTORCYCLE	YEAR	1967	123	1116	851	8	82	35	0	2	2217
MOTORCYCLE	YEAR	1966	92	948	742	6	56	18	0	1	1863
MOTORCYCLE	YEAR	1965	64	571	545	1	33	18	0	6	1238
MOTORCYCLE	YEAR	1964	47	290	256	0	18	6	0	3	620
MOTORCYCLE	YEAR	1963	35	195	177	0	19	2	0	2	430
MOTORCYCLE	YEAR	1962	29	159	145	0	12	5	0	1	351
MOTORCYCLE	YEAR	1961	21	139	122	1	13	4	0	1	301
MOTORCYCLE	YEAR	1960	25	152	170	1	7	6	0	2	363
MOTORCYCLE	YEAR	1959	21	148	157	0	21	4	0	1	352
MOTORCYCLE	YEAR	1958	34	137	161	0	15	4	0	0	351
MOTORCYCLE	YEAR	1957	28	170	186	1	13	5	0	3	406
MOTORCYCLE	YEAR	1956	34	177	244	0	17	6	0	1	479
MOTORCYCLE	YEAR	1955	15	111	133	0	10	3	0	1	273
MOTORCYCLE	YEAR	1954	16	89	123	0	7	2	0	0	237
MOTORCYCLE	YEAR	1953	21	102	127	0	12	1	0	0	263
MOTORCYCLE	YEAR	1952	13	116	121	2	13	4	0	0	269
MOTORCYCLE	YEAR	1951	17	91	109	1	10	4	0	0	232
MOTORCYCLE	YEAR	1950	24	111	110	0	14	3	0	0	262
MOTORCYCLE	YEAR	1949	18	74	116	0	9	4	0	0	221
MOTORCYCLE	YEAR	1948	24	134	142	0	12	5	0	0	317
MOTORCYCLE	YEAR	1947	27	111	126	0	13	2	0	0	279
MOTORCYCLE	YEAR	1946	17	77	105	0	4	8	0	0	211
MOTORCYCLE	YEAR	1945	2	8	24	0	2	0	0	0	36
MOTORCYCLE	YEAR	1944	4	6	16	0	0	0	0	0	26
MOTORCYCLE	YEAR	1943	11	47	59	0	4	0	0	0	121
MOTORCYCLE	YEAR	1942	28	134	157	0	30	6	0	1	356
MOTORCYCLE	YEAR	1941	9	27	37	0	1	4	0	0	78
MOTORCYCLE	YEAR	1940	16	67	71	0	10	2	0	0	166
MOTORCYCLE	YEAR	1939	7	43	52	0	4	2	0	0	108
MOTORCYCLE	YEAR	1938	11	29	54	0	2	1	0	0	97
MOTORCYCLE	YEAR	1937	8	26	49	0	2	1	0	0	86
MOTORCYCLE	YEAR	1936	3	10	28	0	3	3	0	0	47
MOTORCYCLE	YEAR	1935	3	12	22	0	2	0	0	0	39
MOTORCYCLE	YEAR	1934	2	4	25	0	1	0	0	0	32
MOTORCYCLE	YEAR	1933	2	4	10	0	0	1	0	0	17
MOTORCYCLE	YEAR	1932	2	1	17	0	1	0	0	0	21
MOTORCYCLE	YEAR	1931	2	8	21	0	1	0	0	0	32
MOTORCYCLE	YEAR	1930	0	9	31	0	0	1	0	0	41
MOTORCYCLE	YEAR	1929	2	10	28	0	1	0	0	0	41
MOTORCYCLE	YEAR	1928	0	4	13	0	0	0	0	0	17
MOTORCYCLE	YEAR	1927	2	1	7	0	2	0	0	0	12
MOTORCYCLE	YEAR	1926	0	5	7	0	0	0	0	0	12
MOTORCYCLE	YEAR	1925	0	2	4	0	0	0	0	0	6
MOTORCYCLE	YEAR	1924	0	3	3	0	0	0	0	0	6
MOTORCYCLE	YEAR	1923	1	0	4	0	0	0	0	1	6
MOTORCYCLE	YEAR	1922	0	2	3	0	0	0	0	0	5
MOTORCYCLE	YEAR	1920	0	2	4	0	1	0	0	0	7
MOTORCYCLE	YEAR	1919	0	0	3	0	0	0	0	0	3
MOTORCYCLE	YEAR	1918	0	1	4	0	0	1	0	0	6
MOTORCYCLE	YEAR	1917	0	1	3	0	0	0	0	0	4
MOTORCYCLE	YEAR	1916	0	0	5	0	1	0	0	0	6
MOTORCYCLE	YEAR	1915	1	1	2	0	0	0	0	0	4
MOTORCYCLE	YEAR	1914	0	0	5	0	0	0	0	0	5
MOTORCYCLE	YEAR	1913	0	2	2	0	1	0	0	0	5
MOTORCYCLE	YEAR	1912	0	2	1	0	0	0	0	0	3
MOTORCYCLE	YEAR	1911	0	0	1	0	0	0	0	0	1
MOTORCYCLE	YEAR	1909	0	1	0	0	0	0	0	0	1
MOTORCYCLE	YEAR	1908	0	2	2	0	0	0	0	0	4
MOTORCYCLE	YEAR	1905	0	1	0	0	0	0	0	0	1
MOTORCYCLE	YEAR	1904	0	1	0	0	0	0	0	0	1
MOTORCYCLE	YEAR	1903	0	2	0	0	0	0	0	0	2
MOTORCYCLE	YEAR	1900	1	11	0	0	1	0	0	0	13
MOPED	MOTIVE POWER	G	413	19356	775	83	463	541	1	16	21648
MOPED	MOTIVE POWER	OTHER	0	18	1	0	0	1	0	0	20
MOPED	YEAR	2019	2	1	0	0	0	0	0	0	3
MOPED	YEAR	2018	3	0	2	0	0	0	0	0	5
MOPED	YEAR	2017	1	0	0	0	1	0	0	0	2
MOPED	YEAR	2016	5	1	1	0	4	1	0	0	12
MOPED	YEAR	2015	1	3	0	0	1	0	0	0	5
MOPED	YEAR	2014	2	2	1	0	1	0	0	0	6
MOPED	YEAR	2013	8	12	4	0	4	0	0	0	28
MOPED	YEAR	2012	1	3	3	0	0	1	0	0	8
MOPED	YEAR	2011	1	8	0	0	0	0	0	0	9
MOPED	YEAR	2010	5	25	5	0	2	0	0	0	37
MOPED	YEAR	2009	5	35	3	0	4	0	0	1	48
MOPED	YEAR	2008	2	27	1	0	4	1	0	2	37
MOPED	YEAR	2007	3	24	4	0	4	0	0	1	36
MOPED	YEAR	2006	24	140	10	0	13	0	0	1	188
MOPED	YEAR	2005	52	541	19	0	28	7	0	0	647
MOPED	YEAR	2004	13	149	8	0	9	6	0	1	186
MOPED	YEAR	2003	9	76	3	0	8	1	0	1	98
MOPED	YEAR	2002	14	158	8	0	6	2	0	1	189
MOPED	YEAR	2001	41	596	26	0	13	12	0	3	691
MOPED	YEAR	2000	10	206	10	0	9	4	0	0	239
MOPED	YEAR	1999	7	104	9	0	12	2	0	0	134
MOPED	YEAR	1998	0	14	1	0	4	0	0	0	19
MOPED	YEAR	1997	1	19	0	0	3	0	0	0	23
MOPED	YEAR	1996	2	11	0	0	3	0	0	0	16
MOPED	YEAR	1995	1	9	0	3	0	0	0	0	13
MOPED	YEAR	1994	0	30	0	0	1	0	0	0	31
MOPED	YEAR	1993	0	19	1	0	0	2	0	0	22
MOPED	YEAR	1992	0	19	1	0	0	1	0	0	21
MOPED	YEAR	1991	0	33	2	0	1	0	0	0	36
MOPED	YEAR	1990	2	45	1	0	4	0	0	0	52
MOPED	YEAR	1989	2	44	1	0	3	1	0	0	51
MOPED	YEAR	1988	1	32	4	0	1	0	0	0	38
MOPED	YEAR	1987	0	227	5	1	1	2	0	0	236
MOPED	YEAR	1986	5	182	14	0	9	6	0	0	216
MOPED	YEAR	1985	5	280	18	1	13	2	0	1	320
MOPED	YEAR	1984	3	190	21	1	11	3	0	1	230
MOPED	YEAR	1983	7	547	27	2	20	8	0	0	611
MOPED	YEAR	1982	14	763	33	0	23	16	0	0	849
MOPED	YEAR	1981	11	924	39	10	24	28	0	0	1036
MOPED	YEAR	1980	9	754	27	2	19	14	0	0	825
MOPED	YEAR	1979	14	823	34	2	27	21	0	0	921
MOPED	YEAR	1978	10	783	26	3	20	18	0	1	861
MOPED	YEAR	1977	12	1131	39	6	15	34	0	0	1237
MOPED	YEAR	1976	7	2028	70	10	29	76	0	0	2220
MOPED	YEAR	1975	54	6092	195	34	83	209	1	2	6670
MOPED	YEAR	1974	14	704	14	4	12	22	0	0	770
MOPED	YEAR	1973	4	225	6	0	2	10	0	0	247
MOPED	YEAR	1972	2	218	11	1	5	7	0	0	244
MOPED	YEAR	1971	4	287	14	0	2	9	0	0	316
MOPED	YEAR	1970	10	333	17	2	1	10	0	0	373
MOPED	YEAR	1969	3	87	2	0	1	0	0	0	93
MOPED	YEAR	1968	1	67	4	0	0	1	0	0	73
MOPED	YEAR	1967	1	26	1	0	0	0	0	0	28
MOPED	YEAR	1966	0	75	5	0	1	4	0	0	85
MOPED	YEAR	1965	2	51	5	1	0	0	0	0	59
MOPED	YEAR	1964	0	13	5	0	1	0	0	0	19
MOPED	YEAR	1963	0	26	0	0	0	0	0	0	26
MOPED	YEAR	1962	0	15	2	0	0	0	0	0	17
MOPED	YEAR	1961	0	12	2	0	0	0	0	0	14
MOPED	YEAR	1960	0	23	2	0	0	0	0	0	25
MOPED	YEAR	1959	0	12	1	0	0	0	0	0	13
MOPED	YEAR	1958	0	10	2	0	0	0	0	0	12
MOPED	YEAR	1957	0	6	2	0	0	0	0	0	8
MOPED	YEAR	1956	1	3	0	0	0	0	0	0	4
MOPED	YEAR	1955	0	9	1	0	0	0	0	0	10
MOPED	YEAR	1954	0	3	0	0	0	0	0	0	3
MOPED	YEAR	1953	0	6	0	0	0	0	0	0	6
MOPED	YEAR	1952	1	3	0	0	0	0	0	0	4
MOPED	YEAR	1951	0	4	0	0	0	0	0	0	4
MOPED	YEAR	1950	0	4	1	0	0	0	0	0	5
MOPED	YEAR	1949	0	1	1	0	0	0	0	0	2
MOPED	YEAR	1948	0	6	0	0	0	0	0	0	6
MOPED	YEAR	1947	0	8	1	0	0	0	0	0	9
MOPED	YEAR	1946	1	5	1	0	0	0	0	0	7
MOPED	YEAR	1943	0	0	0	0	0	1	0	0	1
MOPED	YEAR	1939	0	1	0	0	0	0	0	0	1
MOPED	YEAR	1938	0	1	0	0	0	0	0	0	1
MOPED	YEAR	1937	0	1	0	0	0	0	0	0	1
MOPED	YEAR	1935	0	1	0	0	0	0	0	0	1
MOPED	YEAR	1926	0	1	0	0	0	0	0	0	1
MOPED	YEAR	1911	0	1	0	0	0	0	0	0	1
MOPED	YEAR	1900	0	16	0	0	1	0	0	0	17
COMMERCIAL	AXLES	1	3931	22205	3550	4914	3669	785	0	265	39319
COMMERCIAL	AXLES	2	1493178	2301191	261277	528363	288164	78220	218	44323	4994934
COMMERCIAL	AXLES	3	105565	282037	66321	14269	40849	6991	31	2832	518895
COMMERCIAL	AXLES	4	21967	9643	2318	209	1209	184	5	552	36087
COMMERCIAL	AXLES	5	354	649	58	8	76	2	0	18	1165
COMMERCIAL	AXLES	OTHER	150	596	50	25	50	6	1	9	887
COMMERCIAL	MOTIVE POWER	D	349779	474327	97494	29569	79433	11579	194	10926	1053301
COMMERCIAL	MOTIVE POWER	E	11	84	16	2	4	4	0	1	122
COMMERCIAL	MOTIVE POWER	F	221954	114070	9313	4115	17316	3909	5	1322	372004
COMMERCIAL	MOTIVE POWER	G	1051261	2018936	225771	511615	236604	70455	56	35708	4150406
COMMERCIAL	MOTIVE POWER	L	660	266	33	34	61	18	0	5	1077
COMMERCIAL	MOTIVE POWER	N	878	286	35	97	21	5	0	14	1336
COMMERCIAL	MOTIVE POWER	P	550	8178	871	2321	542	210	0	20	12692
COMMERCIAL	MOTIVE POWER	U	46	74	7	21	6	2	0	2	158
COMMERCIAL	MOTIVE POWER	OTHER	6	100	34	14	30	6	0	1	191
COMMERCIAL	BODY TYPE	CB	43224	70519	10580	8980	8388	1519	2	2460	145672
COMMERCIAL	BODY TYPE	CN	813	996	229	29	136	32	0	41	2276
COMMERCIAL	BODY TYPE	CO	7781	21097	4572	1913	2871	537	1	520	39292
COMMERCIAL	BODY TYPE	CT	162663	252074	62833	10630	41513	5878	25	4182	539798
COMMERCIAL	BODY TYPE	CW	296851	223139	17309	3044	30760	7659	14	1435	580211
COMMERCIAL	BODY TYPE	DP	7615	36863	7388	2532	3600	1032	11	690	59731
COMMERCIAL	BODY TYPE	FM	1333	12843	2471	1457	1319	566	1	86	20076
COMMERCIAL	BODY TYPE	FV	123371	23801	3810	2434	7419	496	0	396	161727
COMMERCIAL	BODY TYPE	IC	3948	2503	456	712	390	46	0	78	8133
COMMERCIAL	BODY TYPE	MX	1500	1882	453	78	334	42	0	59	4348
COMMERCIAL	BODY TYPE	OV	20	122	29	12	7	2	0	3	195
COMMERCIAL	BODY TYPE	PD	1339	705	94	81	98	16	0	21	2354
COMMERCIAL	BODY TYPE	PF	850	10800	1871	1155	679	278	0	100	15733
COMMERCIAL	BODY TYPE	PK	912047	1516040	173091	364480	189534	54711	184	33734	3243821
COMMERCIAL	BODY TYPE	PR	451	1218	243	96	353	93	0	16	2470
COMMERCIAL	BODY TYPE	SD	389	1646	246	260	427	58	0	25	3051
COMMERCIAL	BODY TYPE	ST	479	27063	4051	3202	857	593	1	106	36352
COMMERCIAL	BODY TYPE	TX	1708	6463	1546	658	544	177	0	92	11188
COMMERCIAL	BODY TYPE	TY	23745	42467	5172	8147	7121	2085	13	747	89497
COMMERCIAL	BODY TYPE	VN	33459	341752	33849	136880	35876	10224	3	3129	595172
COMMERCIAL	BODY TYPE	WR	1559	5292	1098	793	269	138	0	79	9228
COMMERCIAL	BODY TYPE	OTHER	0	17036	2183	215	1522	6	0	0	20962
COMMERCIAL	YEAR	2021	20309	676	17	0	162	2	0	43	21209
COMMERCIAL	YEAR	2020	128044	7938	524	2	1290	299	0	55	138152
COMMERCIAL	YEAR	2019	163309	31071	1357	26	3419	763	0	90	200035
COMMERCIAL	YEAR	2018	139364	41906	2237	89	5461	845	0	86	189988
COMMERCIAL	YEAR	2017	129968	47055	3330	171	7123	1152	0	110	188909
COMMERCIAL	YEAR	2016	111263	54494	4421	266	7846	1276	5	157	179728
COMMERCIAL	YEAR	2015	88372	47729	4104	299	6923	1453	4	218	149102
COMMERCIAL	YEAR	2014	79183	46337	3961	410	6747	1507	6	206	138357
COMMERCIAL	YEAR	2013	67238	40201	3572	449	6186	1328	2	252	119228
COMMERCIAL	YEAR	2012	66080	35394	3704	673	6175	1131	3	330	113490
COMMERCIAL	YEAR	2011	76529	41371	4151	1175	6830	1457	1	452	131966
COMMERCIAL	YEAR	2010	70906	38124	4165	1557	6322	1369	1	654	123098
COMMERCIAL	YEAR	2009	50924	27120	3911	1669	5141	1033	0	705	90503
COMMERCIAL	YEAR	2008	63021	38122	6483	3659	7554	1369	4	1302	121514
COMMERCIAL	YEAR	2007	61809	44291	8464	4821	8969	1688	8	1647	131697
COMMERCIAL	YEAR	2006	51696	40276	8569	6202	7904	1785	4	1841	118277
COMMERCIAL	YEAR	2005	44245	42030	8865	7647	7457	1788	7	2189	114228
COMMERCIAL	YEAR	2004	38031	44124	8226	9984	6927	2023	3	2572	111890
COMMERCIAL	YEAR	2003	33748	50360	8516	13935	7153	1998	5	3077	118792
COMMERCIAL	YEAR	2002	23456	49021	7503	14650	6892	1940	25	2794	106281
COMMERCIAL	YEAR	2001	17826	51197	7846	15620	9194	1825	113	2695	106316
COMMERCIAL	YEAR	2000	16820	62749	9549	20531	10761	2155	1	3071	125637
COMMERCIAL	YEAR	1999	12796	60341	8727	19482	12203	1902	3	2785	118239
COMMERCIAL	YEAR	1998	12088	59037	8326	19924	15529	1938	3	2749	119594
COMMERCIAL	YEAR	1997	8405	52121	7434	17923	11312	1612	4	2298	101109
COMMERCIAL	YEAR	1996	6297	39319	5697	12639	6146	1163	10	1625	72896
COMMERCIAL	YEAR	1995	6734	51545	8060	16709	8175	1516	1	2019	94759
COMMERCIAL	YEAR	1994	4578	47226	7050	16846	7471	1596	0	1790	86557
COMMERCIAL	YEAR	1993	3276	38971	5831	12916	5691	1324	0	1348	69357
COMMERCIAL	YEAR	1992	2746	39932	5391	13685	5424	1418	0	1179	69775
COMMERCIAL	YEAR	1991	2277	41847	5288	13739	5120	1509	1	1082	70863
COMMERCIAL	YEAR	1990	2859	58396	7496	18230	7168	1961	0	1264	97374
COMMERCIAL	YEAR	1989	2551	75340	8763	23113	8508	2544	0	1205	122024
COMMERCIAL	YEAR	1988	2069	91891	10204	26328	10435	3097	0	1155	145179
COMMERCIAL	YEAR	1987	1668	76394	8764	19995	9092	2445	4	525	118887
COMMERCIAL	YEAR	1986	1733	81125	8670	19253	9334	2693	2	450	123260
COMMERCIAL	YEAR	1985	1260	73600	7144	15895	8487	2363	2	343	109094
COMMERCIAL	YEAR	1984	945	60655	6092	13506	6521	2076	2	224	90021
COMMERCIAL	YEAR	1983	503	36943	3271	9151	4038	1375	0	106	55387
COMMERCIAL	YEAR	1982	438	36357	3607	8164	4016	1217	0	104	53903
COMMERCIAL	YEAR	1981	787	60915	5716	12972	5751	2065	0	190	88396
COMMERCIAL	YEAR	1980	541	60544	5903	11899	5799	1999	3	124	86812
COMMERCIAL	YEAR	1979	907	78185	7831	14558	6874	2510	3	150	111018
COMMERCIAL	YEAR	1978	764	68510	7165	14017	5746	2129	6	116	98453
COMMERCIAL	YEAR	1977	554	70283	7603	15531	5201	2181	3	88	101444
COMMERCIAL	YEAR	1976	360	62837	7179	14233	3914	1986	0	70	90579
COMMERCIAL	YEAR	1975	274	54500	6658	11769	3134	1712	3	68	78118
COMMERCIAL	YEAR	1974	218	58909	7680	13566	2965	1852	3	59	85252
COMMERCIAL	YEAR	1973	155	43599	5865	9764	2041	1310	3	30	62767
COMMERCIAL	YEAR	1972	448	34034	5114	6901	1476	1047	4	35	49059
COMMERCIAL	YEAR	1971	243	21423	3392	4394	842	696	1	31	31022
COMMERCIAL	YEAR	1970	273	19309	3108	3579	591	589	2	22	27473
COMMERCIAL	YEAR	1969	264	22154	3640	4301	671	630	0	26	31686
COMMERCIAL	YEAR	1968	263	15889	2628	2691	433	424	0	22	22350
COMMERCIAL	YEAR	1967	192	12201	2118	2127	308	342	0	19	17307
COMMERCIAL	YEAR	1966	239	8050	1595	1320	225	211	0	11	11651
COMMERCIAL	YEAR	1965	186	5070	1074	844	124	141	0	14	7453
COMMERCIAL	YEAR	1964	169	3843	832	626	95	91	0	12	5668
COMMERCIAL	YEAR	1963	93	2282	514	364	59	57	0	8	3377
COMMERCIAL	YEAR	1962	64	1432	355	201	33	29	0	7	2121
COMMERCIAL	YEAR	1961	54	1000	328	163	22	25	0	1	1593
COMMERCIAL	YEAR	1960	49	949	319	122	32	30	0	2	1503
COMMERCIAL	YEAR	1959	100	700	386	87	31	11	0	10	1325
COMMERCIAL	YEAR	1958	94	482	300	65	18	14	0	1	974
COMMERCIAL	YEAR	1957	124	586	434	54	35	15	0	3	1251
COMMERCIAL	YEAR	1956	194	809	624	66	55	29	0	7	1784
COMMERCIAL	YEAR	1955	170	620	442	44	43	10	0	3	1332
COMMERCIAL	YEAR	1954	139	482	371	31	36	7	0	2	1068
COMMERCIAL	YEAR	1953	201	583	568	41	44	14	0	10	1461
COMMERCIAL	YEAR	1952	202	642	626	20	57	14	0	13	1574
COMMERCIAL	YEAR	1951	233	428	550	31	51	13	0	8	1314
COMMERCIAL	YEAR	1950	181	392	512	23	26	8	0	3	1145
COMMERCIAL	YEAR	1949	161	382	491	16	29	14	0	2	1095
COMMERCIAL	YEAR	1948	139	277	379	9	20	12	0	4	840
COMMERCIAL	YEAR	1947	128	245	355	10	19	10	0	4	771
COMMERCIAL	YEAR	1946	112	184	270	2	19	8	0	4	599
COMMERCIAL	YEAR	1945	10	44	54	3	2	1	0	1	115
COMMERCIAL	YEAR	1944	8	36	39	0	3	1	0	0	87
COMMERCIAL	YEAR	1943	6	23	26	1	0	0	0	0	56
COMMERCIAL	YEAR	1942	25	64	96	1	6	2	0	0	194
COMMERCIAL	YEAR	1941	45	73	115	0	7	1	0	4	245
COMMERCIAL	YEAR	1940	45	74	133	1	6	2	0	3	264
COMMERCIAL	YEAR	1939	20	31	80	1	9	0	0	5	146
COMMERCIAL	YEAR	1938	36	49	70	1	7	1	0	0	164
COMMERCIAL	YEAR	1937	48	56	88	0	4	1	0	1	198
COMMERCIAL	YEAR	1936	29	63	59	0	3	2	0	2	158
COMMERCIAL	YEAR	1935	25	34	64	0	5	1	0	0	129
COMMERCIAL	YEAR	1934	31	33	65	0	6	0	0	1	136
COMMERCIAL	YEAR	1933	9	18	37	0	1	0	0	0	65
COMMERCIAL	YEAR	1932	22	46	56	0	4	0	0	1	129
COMMERCIAL	YEAR	1931	25	50	54	0	5	1	0	1	136
COMMERCIAL	YEAR	1930	34	46	67	0	2	1	0	0	150
COMMERCIAL	YEAR	1929	33	60	69	0	4	1	0	3	170
COMMERCIAL	YEAR	1928	18	31	62	0	7	0	0	1	119
COMMERCIAL	YEAR	1927	6	19	29	0	1	0	0	0	55
COMMERCIAL	YEAR	1926	4	16	15	0	1	0	0	0	36
COMMERCIAL	YEAR	1925	4	9	21	0	0	0	0	0	34
COMMERCIAL	YEAR	1924	4	8	12	0	0	0	0	0	24
COMMERCIAL	YEAR	1923	15	39	23	0	6	0	0	0	83
COMMERCIAL	YEAR	1922	1	3	4	0	0	0	0	0	8
COMMERCIAL	YEAR	1921	0	0	4	0	1	1	0	0	6
COMMERCIAL	YEAR	1920	0	3	1	0	0	0	0	0	4
COMMERCIAL	YEAR	1919	0	3	4	0	0	0	0	0	7
COMMERCIAL	YEAR	1918	1	1	2	0	0	0	0	0	4
COMMERCIAL	YEAR	1917	0	4	0	0	0	0	0	0	4
COMMERCIAL	YEAR	1916	0	0	1	0	0	0	0	0	1
COMMERCIAL	YEAR	1915	0	1	1	0	0	0	0	0	2
COMMERCIAL	YEAR	1914	0	2	0	0	0	1	0	0	3
COMMERCIAL	YEAR	1913	0	0	1	0	0	0	0	0	1
COMMERCIAL	YEAR	1911	0	0	2	0	0	0	0	0	2
COMMERCIAL	YEAR	1909	0	3	0	1	0	0	0	0	4
COMMERCIAL	YEAR	1908	0	1	0	0	1	0	0	0	2
COMMERCIAL	YEAR	1907	0	5	1	3	0	0	0	0	9
COMMERCIAL	YEAR	1906	0	5	0	1	0	0	0	0	6
COMMERCIAL	YEAR	1905	0	2	0	0	0	0	0	0	2
COMMERCIAL	YEAR	1904	0	4	0	0	1	0	0	0	5
COMMERCIAL	YEAR	1903	0	1	1	0	0	0	0	0	2
COMMERCIAL	YEAR	1902	0	0	0	0	0	1	0	0	1
COMMERCIAL	YEAR	1900	2	5	3	1	0	0	0	0	11
BUS	AXLES	1	97	594	85	79	166	57	0	9	1087
BUS	AXLES	2	30905	40596	6470	12412	4010	3727	2	510	98632
BUS	AXLES	3	2450	6902	982	581	1147	530	2	67	12661
BUS	AXLES	OTHER	12	40	4	5	3	0	0	0	64
BUS	MOTIVE POWER	D	20782	29410	4453	9716	2947	2300	0	486	70094
BUS	MOTIVE POWER	E	107	196	27	2	1	0	0	0	333
BUS	MOTIVE POWER	F	2833	319	34	9	106	8	0	7	3316
BUS	MOTIVE POWER	G	8768	17072	2922	3238	2246	1959	4	93	36302
BUS	MOTIVE POWER	I	492	336	1	1	0	0	0	0	830
BUS	MOTIVE POWER	L	121	48	1	0	0	0	0	0	170
BUS	MOTIVE POWER	N	93	268	12	34	0	0	0	0	407
BUS	MOTIVE POWER	P	260	458	90	76	25	46	0	0	955
BUS	MOTIVE POWER	OTHER	8	25	1	1	1	1	0	0	37
BUS	BODY TYPE	BU	33464	47997	7527	13074	5320	4314	4	586	112286
BUS	BODY TYPE	OTHER	0	135	14	3	6	0	0	0	158
BUS	YEAR	2022	26	0	0	0	0	0	0	0	26
BUS	YEAR	2021	665	5	0	0	0	0	0	0	670
BUS	YEAR	2020	1669	65	0	0	1	0	0	3	1738
BUS	YEAR	2019	3017	112	6	0	34	0	0	0	3169
BUS	YEAR	2018	2546	124	3	0	21	0	0	2	2696
BUS	YEAR	2017	2872	146	18	0	39	0	0	1	3076
BUS	YEAR	2016	2436	133	18	1	38	1	0	3	2630
BUS	YEAR	2015	2007	172	12	2	13	2	0	2	2210
BUS	YEAR	2014	2152	121	30	3	28	0	0	5	2339
BUS	YEAR	2013	2603	134	30	19	48	1	0	4	2839
BUS	YEAR	2012	2277	242	45	13	39	4	0	7	2627
BUS	YEAR	2011	1951	243	58	20	75	6	0	2	2355
BUS	YEAR	2010	2119	265	42	23	106	3	0	7	2565
BUS	YEAR	2009	2045	727	85	77	135	5	0	14	3088
BUS	YEAR	2008	1221	761	76	142	95	24	0	42	2361
BUS	YEAR	2007	1278	752	65	113	112	13	0	24	2357
BUS	YEAR	2006	1035	1380	152	476	104	38	0	31	3216
BUS	YEAR	2005	518	1169	109	387	92	24	0	26	2325
BUS	YEAR	2004	341	1437	209	767	51	45	0	33	2883
BUS	YEAR	2003	214	1108	151	546	72	32	0	49	2172
BUS	YEAR	2002	78	1075	116	516	57	27	0	37	1906
BUS	YEAR	2001	86	1502	136	501	99	36	0	30	2390
BUS	YEAR	2000	95	1383	132	878	178	56	0	45	2767
BUS	YEAR	1999	81	1230	154	700	124	185	0	37	2511
BUS	YEAR	1998	43	1152	169	609	85	99	0	27	2184
BUS	YEAR	1997	23	974	147	395	120	75	0	22	1756
BUS	YEAR	1996	11	1124	109	569	88	64	0	23	1988
BUS	YEAR	1995	7	1116	184	420	140	49	0	46	1962
BUS	YEAR	1994	3	798	193	217	142	58	0	11	1422
BUS	YEAR	1993	2	889	179	309	167	55	0	10	1611
BUS	YEAR	1992	2	1253	230	311	164	114	0	10	2084
BUS	YEAR	1991	1	1266	188	410	129	108	0	10	2112
BUS	YEAR	1990	0	1569	265	494	139	163	0	4	2634
BUS	YEAR	1989	0	1674	329	423	109	142	0	5	2682
BUS	YEAR	1988	1	1673	329	411	118	197	0	3	2732
BUS	YEAR	1987	1	1697	285	304	188	335	0	4	2814
BUS	YEAR	1986	0	1264	212	223	147	202	0	1	2049
BUS	YEAR	1985	2	1325	249	247	148	178	0	1	2150
BUS	YEAR	1984	2	1165	225	239	145	154	0	0	1930
BUS	YEAR	1983	0	959	135	217	134	83	0	0	1528
BUS	YEAR	1982	0	977	124	124	134	88	0	0	1447
BUS	YEAR	1981	4	1534	184	194	229	197	1	0	2343
BUS	YEAR	1980	1	1088	134	138	191	150	0	0	1702
BUS	YEAR	1979	2	1208	130	141	201	120	0	0	1802
BUS	YEAR	1978	0	1150	168	221	155	197	0	0	1891
BUS	YEAR	1977	0	1171	138	184	65	202	0	0	1760
BUS	YEAR	1976	0	1079	156	162	84	158	0	0	1639
BUS	YEAR	1975	0	1455	183	290	141	215	0	0	2284
BUS	YEAR	1974	0	894	190	199	56	112	0	1	1452
BUS	YEAR	1973	1	782	218	97	35	74	0	0	1207
BUS	YEAR	1972	0	620	133	80	48	69	2	0	952
BUS	YEAR	1971	0	440	59	74	44	40	1	0	658
BUS	YEAR	1970	0	288	50	49	33	37	0	0	457
BUS	YEAR	1969	0	279	46	24	13	20	0	0	382
BUS	YEAR	1968	0	200	65	28	21	4	0	0	318
BUS	YEAR	1967	0	227	101	22	18	13	0	0	381
BUS	YEAR	1966	1	167	98	22	42	9	0	2	341
BUS	YEAR	1965	0	127	87	13	39	10	0	0	276
BUS	YEAR	1964	1	77	26	5	22	5	0	0	136
BUS	YEAR	1963	0	48	81	6	11	5	0	0	151
BUS	YEAR	1962	2	26	49	4	6	4	0	0	91
BUS	YEAR	1961	0	19	2	10	1	1	0	1	34
BUS	YEAR	1960	0	21	3	2	8	1	0	1	36
BUS	YEAR	1959	0	17	3	2	2	0	0	0	24
BUS	YEAR	1958	0	6	2	1	0	2	0	0	11
BUS	YEAR	1957	0	11	3	0	0	1	0	0	15
BUS	YEAR	1956	0	7	3	0	0	1	0	0	11
BUS	YEAR	1955	0	5	4	1	1	0	0	0	11
BUS	YEAR	1954	0	2	2	0	0	0	0	0	4
BUS	YEAR	1953	0	3	1	1	0	0	0	0	5
BUS	YEAR	1952	0	3	3	0	0	0	0	0	6
BUS	YEAR	1951	0	4	0	1	1	0	0	0	6
BUS	YEAR	1950	0	5	4	0	1	0	0	0	10
BUS	YEAR	1949	0	1	5	0	0	0	0	0	6
BUS	YEAR	1948	0	2	3	0	0	0	0	0	5
BUS	YEAR	1947	0	0	1	0	0	0	0	0	1
BUS	YEAR	1946	0	0	1	0	0	0	0	0	1
BUS	YEAR	1943	0	1	0	0	0	0	0	0	1
BUS	YEAR	1939	0	1	1	0	0	0	0	0	2
BUS	YEAR	1938	0	0	1	0	0	0	0	0	1
BUS	YEAR	1937	0	1	1	0	0	0	0	0	2
BUS	YEAR	1935	0	1	1	0	0	0	0	0	2
BUS	YEAR	1922	22	0	0	0	0	0	0	0	22
BUS	YEAR	1921	0	0	1	0	0	0	0	0	1
BUS	YEAR	1919	0	0	0	0	0	1	0	0	1
BUS	YEAR	1916	0	1	0	0	0	0	0	0	1
BUS	YEAR	1902	0	0	1	0	0	0	0	0	1
TRAILER	AXLES	1	2037972	228629	4210	1812	39013	17486	3	0	2329125
TRAILER	AXLES	2	1057265	232225	9769	864	66550	14050	20	0	1380743
TRAILER	AXLES	3	110029	22655	1244	113	12032	1526	27	0	147626
TRAILER	AXLES	4	21152	3862	306	22	2296	214	0	0	27852
TRAILER	AXLES	5	7418	1389	112	5	233	59	0	0	9216
TRAILER	AXLES	6	2293	447	37	2	110	9	0	0	2898
TRAILER	AXLES	OTHER	1449	122	10	0	119	5	0	0	1705
TRAILER	BODY TYPE	AT	12108	2490	147	6	710	140	0	0	15601
TRAILER	BODY TYPE	BT	727607	81831	717	286	15037	5825	10	0	831313
TRAILER	BODY TYPE	DP	63905	5502	1116	54	2828	285	1	0	73691
TRAILER	BODY TYPE	DT	4633	823	28	2	265	13	2	0	5766
TRAILER	BODY TYPE	FV	304569	86802	4201	392	41921	8328	12	0	446225
TRAILER	BODY TYPE	HR	23657	3332	75	14	1498	257	0	0	28833
TRAILER	BODY TYPE	LB	47974	6070	392	44	1320	400	9	0	56209
TRAILER	BODY TYPE	LT	13286	3916	152	30	1493	244	0	0	19121
TRAILER	BODY TYPE	LV	15315	1611	54	7	721	125	0	0	17833
TRAILER	BODY TYPE	MX	214	67	5	5	27	6	0	0	324
TRAILER	BODY TYPE	OV	5391	1322	55	7	326	43	2	0	7146
TRAILER	BODY TYPE	PF	305644	50321	2159	600	12431	3922	8	0	375085
TRAILER	BODY TYPE	PL	3786	834	51	10	165	60	0	0	4906
TRAILER	BODY TYPE	TT	126213	22868	644	177	6604	1420	0	0	157926
TRAILER	BODY TYPE	TV	341386	115470	1818	315	18056	3821	1	0	480867
TRAILER	BODY TYPE	TY	1235539	105764	4057	867	16802	8458	5	0	1371492
TRAILER	BODY TYPE	OTHER	6351	306	17	2	149	2	0	0	6827
TRAILER	YEAR	2022	285	4	0	0	7	0	0	0	296
TRAILER	YEAR	2021	25759	512	1	0	101	7	0	0	26380
TRAILER	YEAR	2020	76175	2014	10	0	419	28	0	0	78646
TRAILER	YEAR	2019	89227	2867	27	0	573	32	0	0	92726
TRAILER	YEAR	2018	96266	3197	43	0	803	52	0	0	100361
TRAILER	YEAR	2017	87108	3380	55	0	982	119	0	0	91644
TRAILER	YEAR	2016	80881	3636	48	0	1043	125	0	0	85733
TRAILER	YEAR	2015	82530	4151	76	0	1089	145	0	0	87991
TRAILER	YEAR	2014	83013	5024	127	0	1371	167	0	0	89702
TRAILER	YEAR	2013	85282	5381	136	0	1754	184	0	0	92737
TRAILER	YEAR	2012	82915	5724	195	0	1856	276	0	0	90966
TRAILER	YEAR	2011	82797	5960	232	1	1806	246	1	0	91043
TRAILER	YEAR	2010	72311	5773	240	1	1566	285	0	0	80176
TRAILER	YEAR	2009	77484	6443	304	1	2008	361	0	0	86601
TRAILER	YEAR	2008	95790	8533	485	1	2976	597	0	0	108382
TRAILER	YEAR	2007	94841	9327	582	1	3202	479	0	0	108432
TRAILER	YEAR	2006	89815	8850	517	0	3198	515	0	0	102895
TRAILER	YEAR	2005	80147	8961	554	1	3507	476	0	0	93646
TRAILER	YEAR	2004	76484	8631	517	1	2719	506	0	0	88858
TRAILER	YEAR	2003	70391	8327	539	2	2501	547	0	0	82307
TRAILER	YEAR	2002	62136	7730	469	2	2082	589	0	0	73008
TRAILER	YEAR	2001	62180	9382	543	9	3000	696	0	0	75810
TRAILER	YEAR	2000	71766	11559	659	6	3823	838	3	0	88654
TRAILER	YEAR	1999	62297	10880	715	9	3716	968	0	0	78585
TRAILER	YEAR	1998	61151	11817	747	31	3853	1043	1	0	78643
TRAILER	YEAR	1997	52473	9974	559	14	2731	943	1	0	66695
TRAILER	YEAR	1996	48637	9942	428	16	2569	1025	2	0	62619
TRAILER	YEAR	1995	51730	10656	509	19	3059	921	3	0	66897
TRAILER	YEAR	1994	49448	10283	381	27	3117	836	0	0	64092
TRAILER	YEAR	1993	45273	9099	363	27	2102	703	0	0	57567
TRAILER	YEAR	1992	47412	10386	279	37	2254	724	0	0	61092
TRAILER	YEAR	1991	43477	9422	250	47	1920	694	0	0	55810
TRAILER	YEAR	1990	51977	12077	349	49	2668	755	1	0	67876
TRAILER	YEAR	1989	55146	13568	348	67	2866	864	0	0	72859
TRAILER	YEAR	1988	51639	14291	434	60	3734	956	1	0	71115
TRAILER	YEAR	1987	48732	13399	392	73	3906	859	4	0	67365
TRAILER	YEAR	1986	42631	11817	264	72	3514	840	18	0	59156
TRAILER	YEAR	1985	41510	11213	232	86	3253	762	2	0	57058
TRAILER	YEAR	1984	37799	10720	243	94	2897	749	0	0	52502
TRAILER	YEAR	1983	31601	7120	127	77	1368	439	0	0	40732
TRAILER	YEAR	1982	28373	7147	113	72	1079	394	0	0	37178
TRAILER	YEAR	1981	37046	8827	163	77	1918	477	2	0	48510
TRAILER	YEAR	1980	47887	10544	192	80	2450	666	1	0	61820
TRAILER	YEAR	1979	45767	12211	277	125	2828	915	2	0	62125
TRAILER	YEAR	1978	40060	11226	192	88	2420	733	0	0	54719
TRAILER	YEAR	1977	38351	10191	176	101	2047	746	1	0	51613
TRAILER	YEAR	1976	40069	10098	156	95	1951	674	0	0	53043
TRAILER	YEAR	1975	41542	10215	169	86	1890	771	2	0	54675
TRAILER	YEAR	1974	44058	11891	179	117	2384	1026	1	0	59656
TRAILER	YEAR	1973	44068	11914	188	165	2114	874	1	0	59324
TRAILER	YEAR	1972	41191	10374	175	149	1653	897	0	0	54439
TRAILER	YEAR	1971	35006	8249	121	113	1155	617	0	0	45261
TRAILER	YEAR	1970	35306	7626	84	126	906	575	1	0	44624
TRAILER	YEAR	1969	30942	7341	83	114	866	560	1	0	39907
TRAILER	YEAR	1968	24318	5508	77	66	631	423	0	0	31023
TRAILER	YEAR	1967	20205	4460	68	66	455	286	0	0	25540
TRAILER	YEAR	1966	16261	3583	46	46	382	272	0	0	20590
TRAILER	YEAR	1965	14023	3033	42	55	321	220	1	0	17695
TRAILER	YEAR	1964	9671	2157	28	35	206	143	0	0	12240
TRAILER	YEAR	1963	7444	1563	33	21	163	110	0	0	9334
TRAILER	YEAR	1962	6676	1343	20	29	105	99	0	0	8272
TRAILER	YEAR	1961	5728	1201	16	22	109	91	0	0	7167
TRAILER	YEAR	1960	6708	1334	16	21	95	69	0	0	8243
TRAILER	YEAR	1959	5072	1061	20	21	87	72	0	0	6333
TRAILER	YEAR	1958	3840	804	12	20	59	68	0	0	4803
TRAILER	YEAR	1957	2613	611	14	14	26	42	0	0	3320
TRAILER	YEAR	1956	2335	532	10	15	25	39	0	0	2956
TRAILER	YEAR	1955	1695	407	9	10	18	24	0	0	2163
TRAILER	YEAR	1954	911	211	3	3	15	12	0	0	1155
TRAILER	YEAR	1953	809	242	3	3	10	12	0	0	1079
TRAILER	YEAR	1952	556	133	5	7	6	7	0	0	714
TRAILER	YEAR	1951	372	95	2	5	3	2	0	0	479
TRAILER	YEAR	1950	695	136	2	7	6	13	0	0	859
TRAILER	YEAR	1949	311	81	3	3	3	6	0	0	407
TRAILER	YEAR	1948	436	94	1	2	15	6	0	0	554
TRAILER	YEAR	1947	291	65	0	3	2	7	0	0	368
TRAILER	YEAR	1946	196	37	2	0	0	2	0	0	237
TRAILER	YEAR	1945	113	22	0	0	2	1	0	0	138
TRAILER	YEAR	1944	45	8	0	0	1	0	0	0	54
TRAILER	YEAR	1943	31	8	1	0	1	0	0	0	41
TRAILER	YEAR	1942	46	12	0	0	0	0	0	0	58
TRAILER	YEAR	1941	35	12	2	0	0	0	0	0	49
TRAILER	YEAR	1940	84	18	0	0	1	1	0	0	104
TRAILER	YEAR	1939	23	4	0	0	1	0	0	0	28
TRAILER	YEAR	1938	12	11	0	0	0	1	0	0	24
TRAILER	YEAR	1937	32	9	0	0	0	0	0	0	41
TRAILER	YEAR	1936	25	2	0	0	1	0	0	0	28
TRAILER	YEAR	1935	23	1	0	0	0	0	0	0	24
TRAILER	YEAR	1934	8	2	0	0	0	0	0	0	10
TRAILER	YEAR	1933	5	1	0	0	0	1	0	0	7
TRAILER	YEAR	1932	10	1	0	0	1	0	0	0	12
TRAILER	YEAR	1931	3	1	0	0	0	0	0	0	4
TRAILER	YEAR	1930	16	3	0	0	0	0	0	0	19
TRAILER	YEAR	1929	5	3	0	0	0	0	0	0	8
TRAILER	YEAR	1928	4	0	0	0	0	0	0	0	4
TRAILER	YEAR	1927	2	1	0	0	0	0	0	0	3
TRAILER	YEAR	1926	2	1	0	0	0	0	0	0	3
TRAILER	YEAR	1925	6	0	0	0	0	0	0	0	6
TRAILER	YEAR	1924	0	1	0	0	0	0	0	0	1
TRAILER	YEAR	1923	0	1	0	0	0	0	0	0	1
TRAILER	YEAR	1922	79	0	0	0	0	0	0	0	79
TRAILER	YEAR	1921	2	0	0	0	0	0	0	0	2
TRAILER	YEAR	1920	1	0	0	0	0	0	0	0	1
TRAILER	YEAR	1919	6	2	0	0	0	0	0	0	8
TRAILER	YEAR	1918	1	1	0	0	0	0	0	0	2
TRAILER	YEAR	1916	1	0	0	0	0	0	0	0	1
TRAILER	YEAR	1912	2	0	0	0	0	0	0	0	2
TRAILER	YEAR	1911	4	2	0	0	0	0	0	0	6
TRAILER	YEAR	1910	2	0	0	0	0	0	0	0	2
TRAILER	YEAR	1909	1	0	0	0	0	0	0	0	1
TRAILER	YEAR	1908	2	1	1	0	0	0	0	0	4
TRAILER	YEAR	1907	5	4	1	0	0	0	0	0	10
TRAILER	YEAR	1906	3	1	0	0	0	0	0	0	4
TRAILER	YEAR	1905	6	1	0	0	0	0	0	0	7
TRAILER	YEAR	1904	6	0	0	0	0	1	0	0	7
TRAILER	YEAR	1903	6	3	0	0	0	0	0	0	9
TRAILER	YEAR	1902	2	2	0	0	0	0	0	0	4
TRAILER	YEAR	1901	5	3	0	0	0	0	0	0	8
TRAILER	YEAR	1900	7566	612	4	5	29	43	0	0	8259
SNOW VEHICLE	MOTIVE POWER		301295	413202	6	3586	13101	24773	6	0	755969
SNOW VEHICLE	MOTIVE POWER	G	26	115	0	2	8	21	0	0	172
SNOW VEHICLE	YEAR	2021	5782	105	0	0	2	1	0	0	5890
SNOW VEHICLE	YEAR	2020	7826	744	0	0	25	17	0	0	8612
SNOW VEHICLE	YEAR	2019	7307	1518	0	0	82	6	0	0	8913
SNOW VEHICLE	YEAR	2018	8341	2285	0	0	124	5	0	0	10755
SNOW VEHICLE	YEAR	2017	8055	2298	0	1	156	11	0	0	10521
SNOW VEHICLE	YEAR	2016	9651	2751	1	0	195	12	0	0	12610
SNOW VEHICLE	YEAR	2015	7815	2521	1	0	170	14	0	0	10521
SNOW VEHICLE	YEAR	2014	5655	2107	1	0	147	17	0	0	7927
SNOW VEHICLE	YEAR	2013	4923	2243	0	0	172	20	0	0	7358
SNOW VEHICLE	YEAR	2012	5294	2347	0	0	178	18	0	0	7837
SNOW VEHICLE	YEAR	2011	5140	2676	0	1	175	38	0	0	8030
SNOW VEHICLE	YEAR	2010	5481	2988	0	0	193	42	0	0	8704
SNOW VEHICLE	YEAR	2009	5932	3775	0	0	229	46	0	0	9982
SNOW VEHICLE	YEAR	2008	4745	3523	0	0	204	65	0	0	8537
SNOW VEHICLE	YEAR	2007	5936	5069	0	0	237	72	1	0	11315
SNOW VEHICLE	YEAR	2006	6236	6061	0	0	321	93	0	0	12711
SNOW VEHICLE	YEAR	2005	5792	6093	0	2	294	116	0	0	12297
SNOW VEHICLE	YEAR	2004	5569	6683	0	0	308	116	0	0	12676
SNOW VEHICLE	YEAR	2003	5079	8125	0	0	369	161	0	0	13734
SNOW VEHICLE	YEAR	2002	5492	9401	0	1	362	169	0	0	15425
SNOW VEHICLE	YEAR	2001	3566	7590	0	0	289	153	0	0	11598
SNOW VEHICLE	YEAR	2000	4823	10251	1	2	430	201	0	0	15708
SNOW VEHICLE	YEAR	1999	4811	11800	0	5	453	248	0	0	17317
SNOW VEHICLE	YEAR	1998	5732	15339	0	8	505	358	0	0	21942
SNOW VEHICLE	YEAR	1997	4908	15292	0	14	440	390	2	0	21046
SNOW VEHICLE	YEAR	1996	3994	14667	0	17	464	423	0	0	19565
SNOW VEHICLE	YEAR	1995	3507	14545	0	14	410	375	0	0	18851
SNOW VEHICLE	YEAR	1994	3094	14953	0	18	480	438	0	0	18983
SNOW VEHICLE	YEAR	1993	2545	12187	0	14	435	443	0	0	15624
SNOW VEHICLE	YEAR	1992	2077	9568	0	14	348	340	0	0	12347
SNOW VEHICLE	YEAR	1991	2765	13469	0	23	424	582	0	0	17263
SNOW VEHICLE	YEAR	1990	3096	14738	0	44	366	633	1	0	18878
SNOW VEHICLE	YEAR	1989	3080	14535	0	36	387	628	0	0	18666
SNOW VEHICLE	YEAR	1988	2727	12557	0	43	329	544	0	0	16200
SNOW VEHICLE	YEAR	1987	2343	9816	0	36	251	494	0	0	12940
SNOW VEHICLE	YEAR	1986	2055	7741	0	41	212	397	0	0	10446
SNOW VEHICLE	YEAR	1985	1805	6384	0	34	177	370	0	0	8770
SNOW VEHICLE	YEAR	1984	1418	4314	0	40	108	272	1	0	6153
SNOW VEHICLE	YEAR	1983	1732	4797	0	37	86	308	0	0	6960
SNOW VEHICLE	YEAR	1982	3040	7272	0	62	163	510	0	0	11047
SNOW VEHICLE	YEAR	1981	4099	9844	1	88	207	710	0	0	14949
SNOW VEHICLE	YEAR	1980	9076	17874	0	186	435	1394	0	0	28965
SNOW VEHICLE	YEAR	1979	9620	14670	0	188	288	1382	0	0	26148
SNOW VEHICLE	YEAR	1978	7365	9832	0	147	242	973	1	0	18560
SNOW VEHICLE	YEAR	1977	7756	8360	0	206	213	1007	0	0	17542
SNOW VEHICLE	YEAR	1976	7762	7462	0	199	165	1075	0	0	16663
SNOW VEHICLE	YEAR	1975	7601	6338	0	162	131	1029	0	0	15261
SNOW VEHICLE	YEAR	1974	10159	8270	0	260	138	1414	0	0	20241
SNOW VEHICLE	YEAR	1973	14092	9967	0	411	161	1843	0	0	26474
SNOW VEHICLE	YEAR	1972	12635	9009	0	379	119	1738	0	0	23880
SNOW VEHICLE	YEAR	1971	10736	7692	1	388	130	1514	0	0	20461
SNOW VEHICLE	YEAR	1970	6112	4280	0	272	68	882	0	0	11614
SNOW VEHICLE	YEAR	1969	3005	2361	0	112	46	385	0	0	5909
SNOW VEHICLE	YEAR	1968	1038	894	0	41	16	152	0	0	2141
SNOW VEHICLE	YEAR	1967	487	488	0	18	7	69	0	0	1069
SNOW VEHICLE	YEAR	1966	258	261	0	13	6	32	0	0	570
SNOW VEHICLE	YEAR	1965	151	222	0	3	16	24	0	0	416
SNOW VEHICLE	YEAR	1964	81	129	0	5	6	11	0	0	232
SNOW VEHICLE	YEAR	1963	30	74	0	1	2	2	0	0	109
SNOW VEHICLE	YEAR	1962	21	34	0	0	1	4	0	0	60
SNOW VEHICLE	YEAR	1961	11	34	0	0	3	6	0	0	54
SNOW VEHICLE	YEAR	1960	15	27	0	0	1	1	0	0	44
SNOW VEHICLE	YEAR	1959	4	4	0	0	1	0	0	0	9
SNOW VEHICLE	YEAR	1958	8	6	0	0	0	0	0	0	14
SNOW VEHICLE	YEAR	1957	2	6	0	0	1	0	0	0	9
SNOW VEHICLE	YEAR	1956	0	3	0	0	3	0	0	0	6
SNOW VEHICLE	YEAR	1955	2	4	0	1	1	0	0	0	8
SNOW VEHICLE	YEAR	1954	2	2	0	0	1	0	0	0	5
SNOW VEHICLE	YEAR	1953	2	4	0	0	0	0	0	0	6
SNOW VEHICLE	YEAR	1952	0	8	0	0	1	0	0	0	9
SNOW VEHICLE	YEAR	1950	4	2	0	0	0	0	0	0	6
SNOW VEHICLE	YEAR	1949	0	1	0	0	0	0	0	0	1
SNOW VEHICLE	YEAR	1948	4	2	0	0	0	0	0	0	6
SNOW VEHICLE	YEAR	1947	1	4	0	0	0	0	0	0	5
SNOW VEHICLE	YEAR	1945	1	0	0	0	0	0	0	0	1
SNOW VEHICLE	YEAR	1944	2	3	0	0	0	0	0	0	5
SNOW VEHICLE	YEAR	1940	2	3	0	0	0	0	0	0	5
SNOW VEHICLE	YEAR	1939	1	0	0	0	0	0	0	0	1
SNOW VEHICLE	YEAR	1937	1	0	0	0	0	0	0	0	1
SNOW VEHICLE	YEAR	1935	0	1	0	0	0	0	0	0	1
SNOW VEHICLE	YEAR	1933	0	0	0	1	0	0	0	0	1
SNOW VEHICLE	YEAR	1930	1	1	0	0	0	0	0	0	2
SNOW VEHICLE	YEAR	1917	0	1	0	0	0	0	0	0	1
SNOW VEHICLE	YEAR	1913	0	1	0	0	0	0	0	0	1
SNOW VEHICLE	YEAR	1911	1	0	0	0	0	0	0	0	1
SNOW VEHICLE	YEAR	1907	1	1	0	0	0	0	0	0	2
SNOW VEHICLE	YEAR	1905	0	1	0	0	0	0	0	0	1
SNOW VEHICLE	YEAR	1904	0	3	0	0	0	0	0	0	3
SNOW VEHICLE	YEAR	1903	0	3	0	0	0	0	0	0	3
SNOW VEHICLE	YEAR	1902	1	1	0	0	0	0	0	0	2
SNOW VEHICLE	YEAR	1901	2	2	0	0	0	1	0	0	5
OFF ROAD	MOTIVE POWER	D	235	35	1	0	2	5	0	0	278
OFF ROAD	MOTIVE POWER	G	559477	103256	4841	188	14229	4514	4	1	686510
OFF ROAD	MOTIVE POWER	OTHER	51	60	3	0	7	3	0	0	124
OFF ROAD	BODY TYPE	AP	2214	437	4	0	40	6	0	0	2701
OFF ROAD	BODY TYPE	DB	1133	333	19	7	9	36	0	0	1537
OFF ROAD	BODY TYPE	MB	2369	2073	49	2	30	84	0	0	4607
OFF ROAD	BODY TYPE	MD	3053	1292	73	7	75	85	0	0	4585
OFF ROAD	BODY TYPE	MF	348322	74286	3052	127	9641	3093	1	1	438523
OFF ROAD	BODY TYPE	MW	8222	2963	72	26	218	241	0	0	11742
OFF ROAD	BODY TYPE	RA	194450	21967	1576	19	4225	977	3	0	223217
OFF ROAD	YEAR	2021	6294	604	0	0	4	1	0	0	6903
OFF ROAD	YEAR	2020	19478	1537	2	0	40	4	0	0	21061
OFF ROAD	YEAR	2019	21368	2065	9	0	90	4	0	0	23536
OFF ROAD	YEAR	2018	23438	2144	15	0	180	10	0	0	25787
OFF ROAD	YEAR	2017	21326	2057	16	0	233	21	0	0	23653
OFF ROAD	YEAR	2016	19889	1971	16	0	252	27	0	0	22155
OFF ROAD	YEAR	2015	15462	1548	24	0	276	19	0	0	17329
OFF ROAD	YEAR	2014	18625	1804	31	0	311	31	0	0	20802
OFF ROAD	YEAR	2013	17048	2101	55	0	306	37	0	0	19547
OFF ROAD	YEAR	2012	15932	2008	41	0	335	43	0	0	18359
OFF ROAD	YEAR	2011	15394	1720	73	0	348	44	0	0	17579
OFF ROAD	YEAR	2010	10380	1496	77	0	261	37	1	0	12252
OFF ROAD	YEAR	2009	19410	2616	135	0	539	67	0	0	22767
OFF ROAD	YEAR	2008	23916	3981	184	0	709	132	0	0	28922
OFF ROAD	YEAR	2007	28001	4572	225	2	792	192	0	0	33784
OFF ROAD	YEAR	2006	24432	5233	170	1	690	185	2	0	30713
OFF ROAD	YEAR	2005	23973	4985	177	2	689	188	0	0	30014
OFF ROAD	YEAR	2004	25682	5475	255	0	808	170	0	0	32390
OFF ROAD	YEAR	2003	20781	4841	308	3	753	151	0	0	26837
OFF ROAD	YEAR	2002	16409	3589	320	1	536	135	0	0	20990
OFF ROAD	YEAR	2001	18844	3824	400	3	663	164	0	0	23898
OFF ROAD	YEAR	2000	15497	3182	361	3	489	142	0	0	19674
OFF ROAD	YEAR	1999	10792	2146	282	1	374	98	0	0	13693
OFF ROAD	YEAR	1998	7213	1401	158	2	258	58	0	0	9090
OFF ROAD	YEAR	1997	5263	1098	111	0	189	56	0	0	6717
OFF ROAD	YEAR	1996	6112	1371	115	1	221	65	0	0	7885
OFF ROAD	YEAR	1995	5670	1269	73	1	224	71	0	0	7308
OFF ROAD	YEAR	1994	4723	1178	81	2	156	62	0	0	6202
OFF ROAD	YEAR	1993	5537	1262	89	2	208	79	0	0	7177
OFF ROAD	YEAR	1992	5185	1169	57	0	210	68	0	0	6689
OFF ROAD	YEAR	1991	5196	1367	76	1	213	63	0	1	6917
OFF ROAD	YEAR	1990	5919	1600	82	2	238	105	0	0	7946
OFF ROAD	YEAR	1989	4861	1295	56	3	191	72	0	0	6478
OFF ROAD	YEAR	1988	4251	1254	41	2	169	83	0	0	5800
OFF ROAD	YEAR	1987	7847	2212	70	8	385	156	0	0	10678
OFF ROAD	YEAR	1986	12159	3525	99	4	581	255	1	0	16624
OFF ROAD	YEAR	1985	10742	3726	91	21	447	298	0	0	15325
OFF ROAD	YEAR	1984	12062	4182	87	30	379	344	0	0	17084
OFF ROAD	YEAR	1983	9336	3476	85	25	256	284	0	0	13462
OFF ROAD	YEAR	1982	4623	1936	62	10	106	150	0	0	6887
OFF ROAD	YEAR	1981	2245	907	33	8	28	88	0	0	3309
OFF ROAD	YEAR	1980	1376	552	15	9	18	34	0	0	2004
OFF ROAD	YEAR	1979	1272	524	23	7	9	47	0	0	1882
OFF ROAD	YEAR	1978	1179	505	31	7	16	43	0	0	1781
OFF ROAD	YEAR	1977	874	363	21	4	11	30	0	0	1303
OFF ROAD	YEAR	1976	514	243	22	2	10	15	0	0	806
OFF ROAD	YEAR	1975	586	272	21	5	11	17	0	0	912
OFF ROAD	YEAR	1974	643	302	15	5	5	16	0	0	986
OFF ROAD	YEAR	1973	490	214	18	4	3	16	0	0	745
OFF ROAD	YEAR	1972	448	213	12	3	7	13	0	0	696
OFF ROAD	YEAR	1971	283	130	10	1	2	11	0	0	437
OFF ROAD	YEAR	1970	219	93	2	1	5	3	0	0	323
OFF ROAD	YEAR	1969	113	56	2	0	1	2	0	0	174
OFF ROAD	YEAR	1968	83	25	1	0	1	2	0	0	112
OFF ROAD	YEAR	1967	57	17	1	0	0	2	0	0	77
OFF ROAD	YEAR	1966	52	14	1	0	0	2	0	0	69
OFF ROAD	YEAR	1965	55	29	3	0	0	1	0	0	88
OFF ROAD	YEAR	1964	30	9	0	0	0	2	0	0	41
OFF ROAD	YEAR	1963	21	5	0	0	1	0	0	0	27
OFF ROAD	YEAR	1962	21	10	0	0	0	1	0	0	32
OFF ROAD	YEAR	1961	10	6	0	0	0	0	0	0	16
OFF ROAD	YEAR	1960	19	7	1	1	0	0	0	0	28
OFF ROAD	YEAR	1959	18	5	0	0	0	2	0	0	25
OFF ROAD	YEAR	1958	6	4	0	0	0	1	0	0	11
OFF ROAD	YEAR	1957	12	4	1	0	0	0	0	0	17
OFF ROAD	YEAR	1956	3	2	0	0	0	1	0	0	6
OFF ROAD	YEAR	1955	8	1	1	1	0	0	0	0	11
OFF ROAD	YEAR	1954	7	1	0	0	0	0	0	0	8
OFF ROAD	YEAR	1953	6	2	0	0	0	1	0	0	9
OFF ROAD	YEAR	1952	10	5	0	0	1	1	0	0	17
OFF ROAD	YEAR	1951	2	0	1	0	0	0	0	0	3
OFF ROAD	YEAR	1950	2	0	1	0	0	0	0	0	3
OFF ROAD	YEAR	1949	3	3	0	0	0	0	0	0	6
OFF ROAD	YEAR	1948	3	1	0	0	0	0	0	0	4
OFF ROAD	YEAR	1947	8	1	0	0	0	0	0	0	9
OFF ROAD	YEAR	1946	2	2	0	0	0	0	0	0	4
OFF ROAD	YEAR	1945	1	0	0	0	0	0	0	0	1
OFF ROAD	YEAR	1944	0	1	0	0	0	0	0	0	1
OFF ROAD	YEAR	1943	1	0	0	0	0	0	0	0	1
OFF ROAD	YEAR	1942	5	2	0	0	0	0	0	0	7
OFF ROAD	YEAR	1940	1	0	0	0	0	0	0	0	1
OFF ROAD	YEAR	1925	0	1	0	0	0	0	0	0	1
OFF ROAD	YEAR	1923	1	0	0	0	0	0	0	0	1
OFF ROAD	YEAR	1919	1	0	0	0	0	0	0	0	1
OFF ROAD	YEAR	1912	1	0	0	0	0	0	0	0	1
OFF ROAD	YEAR	1906	1	0	0	0	0	0	0	0	1
OFF ROAD	YEAR	1901	1	0	0	0	0	0	0	0	1
