VEHICLE_CLASS	DESCRIPTOR	VALUE	FIT-ACTIVE	FIT-INACTIVE	UNFIT	WRECKED	OUT-OF-PROV	SOLD	SUSPENDED	TEMPORARY	TOTAL
PASSENGER	CYLINDERS	00	40509	5253	805	33	1232	128	0	17	47977
PASSENGER	CYLINDERS	02	1295	2276	610	485	429	145	0	155	5395
PASSENGER	CYLINDERS	03	36524	35113	3789	16587	9856	1339	1	309	103518
PASSENGER	CYLINDERS	04	4419858	4647033	763335	2458599	788720	193166	182	78137	13349030
PASSENGER	CYLINDERS	05	48538	62753	10325	25656	16634	2636	5	1717	168264
PASSENGER	CYLINDERS	06	2053036	4073735	520202	2128789	651447	185572	252	72643	9685676
PASSENGER	CYLINDERS	08	299466	2219596	325053	968962	234032	82291	161	18122	4147683
PASSENGER	CYLINDERS	10	10659	19497	2023	4817	3810	543	1	273	41623
PASSENGER	CYLINDERS	12	3456	5206	1136	350	1135	127	2	184	11596
PASSENGER	CYLINDERS	OTHER	79	605	236	72	68	29	7	8	1104
PASSENGER	MOTIVE POWER	B	2	58	6	25	8	2	0	0	101
PASSENGER	MOTIVE POWER	D	91577	107484	16208	62683	19000	3659	23	2743	303377
PASSENGER	MOTIVE POWER	E	39	196	30	14	11	12	0	0	302
PASSENGER	MOTIVE POWER	F	525681	230813	30961	22763	44024	9664	9	2737	866652
PASSENGER	MOTIVE POWER	G	6112105	10691996	1571350	5513854	1635251	451030	574	165683	26141843
PASSENGER	MOTIVE POWER	K	0	51	6	45	3	15	0	0	120
PASSENGER	MOTIVE POWER	L	122484	26901	7157	2920	6021	1232	4	347	167066
PASSENGER	MOTIVE POWER	N	13	118	7	47	4	3	0	2	194
PASSENGER	MOTIVE POWER	P	29	4607	310	1886	246	114	0	16	7208
PASSENGER	MOTIVE POWER	V	61476	8709	1449	50	2782	242	1	34	74743
PASSENGER	MOTIVE POWER	OTHER	14	134	30	63	13	3	0	3	260
PASSENGER	BODY TYPE	CV	118016	104111	20154	12500	32798	2797	29	2586	292991
PASSENGER	BODY TYPE	DB	101	359	159	5	16	9	2	6	657
PASSENGER	BODY TYPE	MH	22645	41878	4470	2380	8445	1117	39	2823	83797
PASSENGER	BODY TYPE	SW	77276	25032	6638	11584	9003	856	1	557	130947
PASSENGER	BODY TYPE	SX	327	822	173	151	142	22	0	39	1676
PASSENGER	BODY TYPE	TY	2988008	1472278	241677	270831	294870	69900	181	29027	5366772
PASSENGER	BODY TYPE	VN	462641	1103140	114911	599553	208375	51573	33	20003	2560229
PASSENGER	BODY TYPE	2B	62114	408084	48954	240370	81788	16542	12	7900	865764
PASSENGER	BODY TYPE	2D	254192	2031296	284189	1196879	252372	86622	87	19520	4125157
PASSENGER	BODY TYPE	2W	387	24723	3303	14953	2851	1419	0	44	47680
PASSENGER	BODY TYPE	4B	506564	415444	72606	212186	85317	16692	11	5893	1314713
PASSENGER	BODY TYPE	4D	2293132	4418545	644203	2654794	635615	194846	205	76787	10918127
PASSENGER	BODY TYPE	4W	128017	485154	52870	290372	69585	22098	11	6380	1054487
PASSENGER	BODY TYPE	OTHER	0	540201	133207	97792	26186	1483	0	0	798869
PASSENGER	YEAR	2022	83975	1106	130	0	98	11	0	7	85327
PASSENGER	YEAR	2021	430762	18141	2093	7	2145	200	0	108	453456
PASSENGER	YEAR	2020	422696	74438	6849	54	10340	1343	0	192	515912
PASSENGER	YEAR	2019	517396	107603	13702	264	22622	2396	0	253	664236
PASSENGER	YEAR	2018	534711	123784	20208	724	27725	3608	2	389	711151
PASSENGER	YEAR	2017	543758	130465	24867	1553	36681	4562	0	487	742373
PASSENGER	YEAR	2016	486871	126611	24483	2451	35851	4406	30	575	681278
PASSENGER	YEAR	2015	489953	130948	27247	4155	35225	5084	42	707	693361
PASSENGER	YEAR	2014	425526	119687	27730	7391	32680	4552	16	907	618489
PASSENGER	YEAR	2013	420215	129398	33993	12269	33822	4968	21	1345	636031
PASSENGER	YEAR	2012	369730	124550	33181	17761	31686	4609	9	1753	583279
PASSENGER	YEAR	2011	325214	128471	33602	22176	30163	5430	9	2376	547441
PASSENGER	YEAR	2010	347718	154076	43743	31524	34393	6672	7	3558	621691
PASSENGER	YEAR	2009	262822	145176	42692	39353	32473	6617	11	4126	533270
PASSENGER	YEAR	2008	255644	202921	48524	56705	42288	9626	17	6364	622089
PASSENGER	YEAR	2007	222416	233004	54447	81670	42319	11017	24	8070	652967
PASSENGER	YEAR	2006	171090	232255	49463	95106	41150	11595	34	8812	609505
PASSENGER	YEAR	2005	131235	251980	49672	125141	39120	13326	44	9776	620294
PASSENGER	YEAR	2004	89248	237328	44304	122622	33878	12206	49	9529	549164
PASSENGER	YEAR	2003	76704	295129	51229	168333	44075	16587	37	12117	664211
PASSENGER	YEAR	2002	51667	307792	46004	189096	49803	18301	30	12135	674828
PASSENGER	YEAR	2001	33440	281458	41460	172801	55408	17240	36	10860	612703
PASSENGER	YEAR	2000	29032	302884	43211	199313	61933	19546	27	11439	667385
PASSENGER	YEAR	1999	19680	258066	33984	164422	54845	15274	13	9154	555438
PASSENGER	YEAR	1998	13938	267741	34029	172662	69413	12891	15	9021	579710
PASSENGER	YEAR	1997	10924	240623	31050	159630	44074	10667	25	7651	504644
PASSENGER	YEAR	1996	6284	196116	24050	128543	29391	8403	8	5568	398363
PASSENGER	YEAR	1995	6924	234621	28832	159513	33968	9825	8	5852	479543
PASSENGER	YEAR	1994	5140	212009	25319	148541	32568	8985	7	4509	437078
PASSENGER	YEAR	1993	4363	223121	25356	153768	34863	9464	1	4024	454960
PASSENGER	YEAR	1992	4411	242729	26808	162641	38330	10360	4	3749	489032
PASSENGER	YEAR	1991	4793	239840	24795	153234	36538	9890	19	2672	471781
PASSENGER	YEAR	1990	5377	257555	25474	161474	39181	10506	19	2286	501872
PASSENGER	YEAR	1989	4842	285007	25686	176297	41481	11596	5	1860	546774
PASSENGER	YEAR	1988	5052	308596	25823	182581	45701	12420	2	1710	581885
PASSENGER	YEAR	1987	5620	290164	21853	169104	41391	11155	1	872	540160
PASSENGER	YEAR	1986	4608	324149	22717	190017	44655	13341	0	727	600214
PASSENGER	YEAR	1985	3863	292288	19522	170886	40742	11632	0	560	539493
PASSENGER	YEAR	1984	3355	266479	17414	153279	38479	10374	0	561	489941
PASSENGER	YEAR	1983	2035	189900	11856	108342	26627	7262	3	274	346299
PASSENGER	YEAR	1982	1541	172875	11473	100400	23935	6364	5	204	316797
PASSENGER	YEAR	1981	2688	233677	16500	130988	30099	8222	1	339	422514
PASSENGER	YEAR	1980	2967	240659	19537	134810	30505	8373	1	295	437147
PASSENGER	YEAR	1979	3841	256428	22212	134569	28686	8417	1	415	454569
PASSENGER	YEAR	1978	3197	259815	24117	146090	26211	7788	3	313	467534
PASSENGER	YEAR	1977	2541	244822	24532	137276	21203	7351	4	280	438009
PASSENGER	YEAR	1976	2657	243977	27894	141671	18274	7599	2	286	442360
PASSENGER	YEAR	1975	2086	198111	25969	115708	13188	6715	3	210	361990
PASSENGER	YEAR	1974	2687	203594	36326	120541	11542	7415	5	183	382293
PASSENGER	YEAR	1973	2982	197209	42395	111461	8887	7615	2	229	370780
PASSENGER	YEAR	1972	3619	149854	35724	76456	5924	5542	1	198	277318
PASSENGER	YEAR	1971	2986	106554	28220	51753	3694	4061	3	148	197419
PASSENGER	YEAR	1970	4114	88463	25362	40673	3037	3295	0	151	165095
PASSENGER	YEAR	1969	5462	82849	24946	34270	2788	2821	1	192	153329
PASSENGER	YEAR	1968	4374	60578	18592	24055	2201	2009	0	157	111966
PASSENGER	YEAR	1967	4238	38789	12619	13664	1691	1305	0	127	72433
PASSENGER	YEAR	1966	3785	29106	9295	10245	1360	889	1	129	54810
PASSENGER	YEAR	1965	3047	18780	6096	6322	965	593	1	85	35889
PASSENGER	YEAR	1964	2216	11989	4048	3527	630	350	0	82	22842
PASSENGER	YEAR	1963	1404	6848	2429	1838	449	213	0	69	13250
PASSENGER	YEAR	1962	1064	4862	1877	1031	378	119	1	41	9373
PASSENGER	YEAR	1961	736	2923	1161	476	213	71	0	29	5609
PASSENGER	YEAR	1960	721	2431	1162	311	241	61	0	30	4957
PASSENGER	YEAR	1959	757	1984	1113	155	201	53	0	28	4291
PASSENGER	YEAR	1958	619	1690	887	95	182	51	0	29	3553
PASSENGER	YEAR	1957	1285	2346	1364	91	383	61	1	34	5565
PASSENGER	YEAR	1956	1111	1997	1202	77	296	67	0	32	4782
PASSENGER	YEAR	1955	1274	1988	1176	52	287	57	0	26	4860
PASSENGER	YEAR	1954	531	1002	603	41	132	28	0	20	2357
PASSENGER	YEAR	1953	639	1183	738	42	121	33	0	20	2776
PASSENGER	YEAR	1952	637	1021	621	32	82	23	0	26	2442
PASSENGER	YEAR	1951	651	1013	647	29	107	29	0	16	2492
PASSENGER	YEAR	1950	591	883	623	19	102	24	0	18	2260
PASSENGER	YEAR	1949	413	678	477	11	66	26	0	8	1679
PASSENGER	YEAR	1948	438	695	470	14	72	18	0	11	1718
PASSENGER	YEAR	1947	438	737	599	19	70	23	0	16	1902
PASSENGER	YEAR	1946	223	392	300	6	37	19	0	9	986
PASSENGER	YEAR	1945	44	46	16	1	5	2	0	2	116
PASSENGER	YEAR	1944	28	23	19	1	1	1	0	1	74
PASSENGER	YEAR	1943	20	37	15	1	3	0	0	1	77
PASSENGER	YEAR	1942	93	145	121	4	12	5	0	4	384
PASSENGER	YEAR	1941	234	403	292	2	45	9	0	8	993
PASSENGER	YEAR	1940	358	531	441	5	68	15	0	15	1433
PASSENGER	YEAR	1939	260	454	349	5	53	19	0	10	1150
PASSENGER	YEAR	1938	293	465	347	4	43	21	0	4	1177
PASSENGER	YEAR	1937	357	573	488	9	85	26	0	9	1547
PASSENGER	YEAR	1936	249	390	300	2	49	17	0	3	1010
PASSENGER	YEAR	1935	198	329	244	1	28	8	0	5	813
PASSENGER	YEAR	1934	340	533	364	2	65	19	0	6	1329
PASSENGER	YEAR	1933	172	324	201	0	36	11	0	2	746
PASSENGER	YEAR	1932	403	637	396	3	55	18	0	8	1520
PASSENGER	YEAR	1931	612	961	553	1	99	22	0	12	2260
PASSENGER	YEAR	1930	641	1027	620	5	95	32	0	14	2434
PASSENGER	YEAR	1929	458	728	518	1	63	25	0	6	1799
PASSENGER	YEAR	1928	380	625	420	1	48	17	0	9	1500
PASSENGER	YEAR	1927	170	384	308	3	26	10	0	13	914
PASSENGER	YEAR	1926	135	259	202	2	21	4	0	3	626
PASSENGER	YEAR	1925	45	144	92	0	11	6	0	0	298
PASSENGER	YEAR	1924	43	109	79	1	6	5	0	3	246
PASSENGER	YEAR	1923	135	260	131	2	31	5	0	5	569
PASSENGER	YEAR	1922	8	63	25	0	6	1	0	0	103
PASSENGER	YEAR	1921	12	42	24	0	3	3	0	0	84
PASSENGER	YEAR	1920	11	30	20	0	2	0	0	0	63
PASSENGER	YEAR	1919	13	123	42	52	6	4	0	0	240
PASSENGER	YEAR	1918	8	38	14	1	0	1	0	0	62
PASSENGER	YEAR	1917	15	55	27	4	3	2	0	0	106
PASSENGER	YEAR	1916	4	25	10	1	1	2	0	1	44
PASSENGER	YEAR	1915	26	45	21	1	6	3	0	1	103
PASSENGER	YEAR	1914	16	40	21	0	5	1	0	0	83
PASSENGER	YEAR	1913	13	37	13	0	3	2	0	0	68
PASSENGER	YEAR	1912	10	29	9	0	1	4	0	0	53
PASSENGER	YEAR	1911	5	45	10	4	3	4	0	0	71
PASSENGER	YEAR	1910	4	16	13	1	1	1	0	0	36
PASSENGER	YEAR	1909	5	8	10	1	3	0	0	0	27
PASSENGER	YEAR	1908	0	15	2	5	2	1	0	0	25
PASSENGER	YEAR	1907	1	6	8	0	2	0	0	0	17
PASSENGER	YEAR	1906	2	6	6	2	2	2	0	0	20
PASSENGER	YEAR	1905	1	5	3	0	0	0	0	0	9
PASSENGER	YEAR	1904	3	3	2	1	0	0	0	0	9
PASSENGER	YEAR	1903	1	10	4	0	0	0	0	0	15
PASSENGER	YEAR	1902	1	4	2	0	0	1	0	0	8
PASSENGER	YEAR	1901	0	5	4	0	0	0	0	0	9
PASSENGER	YEAR	1900	1	19	0	0	2	0	0	0	22
MOTORCYCLE	MOTIVE POWER	G	213924	378063	105307	3059	43037	9038	34	5939	758401
MOTORCYCLE	MOTIVE POWER	OTHER	17	56	23	1	7	4	0	1	109
MOTORCYCLE	BODY TYPE	MB	8	302	126	2	7	8	0	1	454
MOTORCYCLE	BODY TYPE	MD	12114	12884	3755	24	1330	244	0	257	30608
MOTORCYCLE	BODY TYPE	MS	197064	355267	98853	2991	40490	8598	31	5507	708801
MOTORCYCLE	BODY TYPE	MT	2747	8828	2358	42	991	181	3	162	15312
MOTORCYCLE	BODY TYPE	MW	2008	737	181	1	226	11	0	13	3177
MOTORCYCLE	BODY TYPE	OTHER	0	101	57	0	0	0	0	0	158
MOTORCYCLE	YEAR	2022	607	104	5	0	1	0	0	1	718
MOTORCYCLE	YEAR	2021	6758	477	85	0	23	1	0	6	7350
MOTORCYCLE	YEAR	2020	6964	1249	151	0	104	5	0	21	8494
MOTORCYCLE	YEAR	2019	8442	2070	288	1	233	16	0	53	11103
MOTORCYCLE	YEAR	2018	8807	2499	455	1	318	25	0	66	12171
MOTORCYCLE	YEAR	2017	8278	2781	526	2	420	23	0	86	12116
MOTORCYCLE	YEAR	2016	8041	2713	603	7	493	25	0	91	11973
MOTORCYCLE	YEAR	2015	8226	3330	862	6	553	42	0	99	13118
MOTORCYCLE	YEAR	2014	8307	3474	771	17	668	42	0	106	13385
MOTORCYCLE	YEAR	2013	8190	3910	947	9	742	44	0	132	13974
MOTORCYCLE	YEAR	2012	7536	3743	962	6	733	42	1	110	13133
MOTORCYCLE	YEAR	2011	6679	3766	1053	9	708	48	2	116	12381
MOTORCYCLE	YEAR	2010	6270	4000	878	4	706	50	0	129	12037
MOTORCYCLE	YEAR	2009	11711	8419	2062	20	1282	127	1	270	23892
MOTORCYCLE	YEAR	2008	12072	9302	2397	31	1307	155	4	320	25588
MOTORCYCLE	YEAR	2007	11655	9381	2262	24	1286	108	0	274	24990
MOTORCYCLE	YEAR	2006	10820	9132	2162	43	1252	127	0	306	23842
MOTORCYCLE	YEAR	2005	9068	8123	1833	44	1128	107	1	248	20552
MOTORCYCLE	YEAR	2004	7962	7197	1684	28	987	99	4	237	18198
MOTORCYCLE	YEAR	2003	8924	9495	2171	35	1224	132	2	273	22256
MOTORCYCLE	YEAR	2002	6649	8078	1787	34	1016	113	2	247	17926
MOTORCYCLE	YEAR	2001	5946	7845	1888	40	1189	127	2	243	17280
MOTORCYCLE	YEAR	2000	5325	7437	1923	32	1261	141	2	241	16362
MOTORCYCLE	YEAR	1999	3609	5612	1304	16	1007	92	0	166	11806
MOTORCYCLE	YEAR	1998	2526	4179	1024	16	1054	76	0	126	9001
MOTORCYCLE	YEAR	1997	1931	3722	849	9	855	57	1	87	7511
MOTORCYCLE	YEAR	1996	1432	3621	805	20	547	91	1	86	6603
MOTORCYCLE	YEAR	1995	1145	3081	650	9	499	41	0	57	5482
MOTORCYCLE	YEAR	1994	1000	3085	752	14	500	72	0	63	5486
MOTORCYCLE	YEAR	1993	1015	3254	763	13	531	51	0	55	5682
MOTORCYCLE	YEAR	1992	782	2664	696	11	481	74	2	51	4761
MOTORCYCLE	YEAR	1991	744	2549	646	6	424	48	0	48	4465
MOTORCYCLE	YEAR	1990	718	3163	785	11	494	83	1	48	5303
MOTORCYCLE	YEAR	1989	707	3601	958	11	537	89	1	58	5962
MOTORCYCLE	YEAR	1988	722	4361	1175	19	603	95	0	60	7035
MOTORCYCLE	YEAR	1987	657	4762	1249	21	637	125	0	68	7519
MOTORCYCLE	YEAR	1986	1167	9088	2275	63	1111	197	0	112	14013
MOTORCYCLE	YEAR	1985	1522	13745	3126	95	1599	333	0	167	20587
MOTORCYCLE	YEAR	1984	1518	17512	4099	196	2078	432	0	216	26051
MOTORCYCLE	YEAR	1983	1271	18995	4791	252	1990	451	2	179	27931
MOTORCYCLE	YEAR	1982	1410	23957	6200	367	2186	705	0	165	34990
MOTORCYCLE	YEAR	1981	963	17141	4498	240	1483	467	2	108	24902
MOTORCYCLE	YEAR	1980	639	12833	3329	167	1051	389	0	76	18484
MOTORCYCLE	YEAR	1979	639	13586	3779	163	924	455	0	53	19599
MOTORCYCLE	YEAR	1978	622	15717	4511	220	1024	527	0	46	22667
MOTORCYCLE	YEAR	1977	463	11070	3444	151	681	377	2	28	16216
MOTORCYCLE	YEAR	1976	424	8276	2619	97	475	303	0	21	12215
MOTORCYCLE	YEAR	1975	421	10957	3702	117	576	421	1	19	16214
MOTORCYCLE	YEAR	1974	404	9051	3229	117	388	338	0	17	13544
MOTORCYCLE	YEAR	1973	388	7430	2777	81	343	259	0	12	11290
MOTORCYCLE	YEAR	1972	339	7459	2862	65	341	281	0	21	11368
MOTORCYCLE	YEAR	1971	225	3887	1634	44	178	168	0	7	6143
MOTORCYCLE	YEAR	1970	176	2260	1142	17	130	73	0	10	3808
MOTORCYCLE	YEAR	1969	173	1772	1113	10	103	49	0	3	3223
MOTORCYCLE	YEAR	1968	137	1413	921	8	89	50	0	4	2622
MOTORCYCLE	YEAR	1967	120	1126	864	8	83	35	0	2	2238
MOTORCYCLE	YEAR	1966	86	959	756	6	57	19	0	0	1883
MOTORCYCLE	YEAR	1965	67	567	567	1	36	18	0	7	1263
MOTORCYCLE	YEAR	1964	45	294	267	0	18	6	0	4	634
MOTORCYCLE	YEAR	1963	34	202	181	0	19	2	0	2	440
MOTORCYCLE	YEAR	1962	29	162	148	0	12	5	0	0	356
MOTORCYCLE	YEAR	1961	18	143	124	1	13	4	0	1	304
MOTORCYCLE	YEAR	1960	31	151	169	1	7	6	0	3	368
MOTORCYCLE	YEAR	1959	14	153	160	0	20	4	0	1	352
MOTORCYCLE	YEAR	1958	33	138	162	0	16	4	0	0	353
MOTORCYCLE	YEAR	1957	22	174	188	1	15	5	0	4	409
MOTORCYCLE	YEAR	1956	31	179	251	0	17	6	0	1	485
MOTORCYCLE	YEAR	1955	11	114	137	0	11	3	0	1	277
MOTORCYCLE	YEAR	1954	13	96	120	0	8	2	0	0	239
MOTORCYCLE	YEAR	1953	19	105	129	0	12	1	0	0	266
MOTORCYCLE	YEAR	1952	13	118	125	2	12	4	0	0	274
MOTORCYCLE	YEAR	1951	16	94	110	1	10	4	0	0	235
MOTORCYCLE	YEAR	1950	26	108	115	0	14	3	0	0	266
MOTORCYCLE	YEAR	1949	14	79	121	0	9	4	0	0	227
MOTORCYCLE	YEAR	1948	26	130	149	0	12	5	0	0	322
MOTORCYCLE	YEAR	1947	23	120	128	0	14	2	0	0	287
MOTORCYCLE	YEAR	1946	12	80	107	0	5	8	0	0	212
MOTORCYCLE	YEAR	1945	2	8	25	0	2	0	0	0	37
MOTORCYCLE	YEAR	1944	3	8	15	0	0	0	0	0	26
MOTORCYCLE	YEAR	1943	11	47	58	0	4	1	0	0	121
MOTORCYCLE	YEAR	1942	24	140	159	0	30	6	0	1	360
MOTORCYCLE	YEAR	1941	7	28	39	0	1	4	0	0	79
MOTORCYCLE	YEAR	1940	15	69	76	0	10	3	0	0	173
MOTORCYCLE	YEAR	1939	9	41	54	0	4	2	0	0	110
MOTORCYCLE	YEAR	1938	14	26	55	0	2	1	0	0	98
MOTORCYCLE	YEAR	1937	6	29	50	0	2	1	0	0	88
MOTORCYCLE	YEAR	1936	1	12	30	0	3	3	0	0	49
MOTORCYCLE	YEAR	1935	3	12	22	0	2	0	0	0	39
MOTORCYCLE	YEAR	1934	1	4	27	0	1	0	0	0	33
MOTORCYCLE	YEAR	1933	3	3	10	0	0	1	0	0	17
MOTORCYCLE	YEAR	1932	2	1	18	0	1	0	0	0	22
MOTORCYCLE	YEAR	1931	4	8	20	0	1	0	0	0	33
MOTORCYCLE	YEAR	1930	0	9	30	0	1	1	0	0	41
MOTORCYCLE	YEAR	1929	2	10	28	0	1	0	0	0	41
MOTORCYCLE	YEAR	1928	0	4	14	0	0	0	0	0	18
MOTORCYCLE	YEAR	1927	2	1	7	0	2	0	0	0	12
MOTORCYCLE	YEAR	1926	0	5	7	0	0	0	0	0	12
MOTORCYCLE	YEAR	1925	0	2	4	0	0	0	0	0	6
MOTORCYCLE	YEAR	1924	0	3	3	0	0	0	0	0	6
MOTORCYCLE	YEAR	1923	1	0	5	0	0	0	0	1	7
MOTORCYCLE	YEAR	1922	0	2	2	0	0	0	0	0	4
MOTORCYCLE	YEAR	1920	0	2	4	0	1	0	0	0	7
MOTORCYCLE	YEAR	1919	0	0	3	0	0	0	0	0	3
MOTORCYCLE	YEAR	1918	0	1	4	0	0	1	0	0	6
MOTORCYCLE	YEAR	1917	0	1	3	0	0	0	0	0	4
MOTORCYCLE	YEAR	1916	0	0	5	0	1	0	0	0	6
MOTORCYCLE	YEAR	1915	1	1	2	0	0	0	0	0	4
MOTORCYCLE	YEAR	1914	0	0	5	0	0	0	0	0	5
MOTORCYCLE	YEAR	1913	0	2	2	0	1	0	0	0	5
MOTORCYCLE	YEAR	1912	0	2	1	0	0	0	0	0	3
MOTORCYCLE	YEAR	1911	0	0	1	0	0	0	0	0	1
MOTORCYCLE	YEAR	1909	0	1	0	0	0	0	0	0	1
MOTORCYCLE	YEAR	1908	0	2	2	0	0	0	0	0	4
MOTORCYCLE	YEAR	1905	0	1	0	0	0	0	0	0	1
MOTORCYCLE	YEAR	1904	0	1	0	0	0	0	0	0	1
MOTORCYCLE	YEAR	1903	0	2	0	0	0	0	0	0	2
MOTORCYCLE	YEAR	1900	1	11	0	0	1	0	0	0	13
MOPED	MOTIVE POWER	G	320	19455	790	83	482	548	1	14	21693
MOPED	MOTIVE POWER	OTHER	0	18	1	0	0	1	0	0	20
MOPED	YEAR	2022	1	0	0	0	0	0	0	0	1
MOPED	YEAR	2021	1	0	0	0	0	0	0	0	1
MOPED	YEAR	2020	1	0	0	0	0	0	0	0	1
MOPED	YEAR	2019	1	1	0	0	1	0	0	0	3
MOPED	YEAR	2018	1	2	2	0	0	0	0	0	5
MOPED	YEAR	2017	1	0	0	0	1	0	0	0	2
MOPED	YEAR	2016	5	1	1	0	4	1	0	0	12
MOPED	YEAR	2015	1	3	0	0	1	0	0	0	5
MOPED	YEAR	2014	1	4	1	0	1	0	0	0	7
MOPED	YEAR	2013	8	13	4	0	4	0	0	0	29
MOPED	YEAR	2012	2	4	3	0	0	1	0	0	10
MOPED	YEAR	2011	0	8	0	0	1	0	0	0	9
MOPED	YEAR	2010	3	29	5	0	2	0	0	0	39
MOPED	YEAR	2009	4	36	1	0	7	0	0	1	49
MOPED	YEAR	2008	2	27	1	0	5	1	0	2	38
MOPED	YEAR	2007	3	24	4	0	4	0	0	1	36
MOPED	YEAR	2006	15	147	12	0	14	0	0	1	189
MOPED	YEAR	2005	45	544	22	0	29	7	0	0	647
MOPED	YEAR	2004	10	148	12	0	10	6	0	0	186
MOPED	YEAR	2003	7	77	3	0	9	1	0	1	98
MOPED	YEAR	2002	11	162	8	0	6	2	0	0	189
MOPED	YEAR	2001	25	609	26	0	13	15	0	3	691
MOPED	YEAR	2000	11	205	10	0	9	4	0	0	239
MOPED	YEAR	1999	2	109	9	0	12	2	0	0	134
MOPED	YEAR	1998	0	14	1	0	4	0	0	0	19
MOPED	YEAR	1997	1	19	0	0	3	0	0	0	23
MOPED	YEAR	1996	3	11	0	0	3	0	0	0	17
MOPED	YEAR	1995	1	9	0	3	0	0	0	0	13
MOPED	YEAR	1994	0	30	0	0	1	0	0	0	31
MOPED	YEAR	1993	0	19	1	0	0	2	0	0	22
MOPED	YEAR	1992	1	18	1	0	0	1	0	0	21
MOPED	YEAR	1991	0	33	2	0	1	0	0	0	36
MOPED	YEAR	1990	3	44	1	0	4	0	0	0	52
MOPED	YEAR	1989	2	44	1	0	3	1	0	0	51
MOPED	YEAR	1988	1	32	4	0	1	0	0	0	38
MOPED	YEAR	1987	1	225	5	1	1	3	0	0	236
MOPED	YEAR	1986	3	184	14	0	9	6	0	0	216
MOPED	YEAR	1985	1	285	18	1	13	2	0	1	321
MOPED	YEAR	1984	3	191	20	1	11	3	0	1	230
MOPED	YEAR	1983	5	548	28	2	21	9	0	0	613
MOPED	YEAR	1982	12	767	32	0	25	16	0	0	852
MOPED	YEAR	1981	11	921	41	10	25	29	0	0	1037
MOPED	YEAR	1980	9	757	28	2	20	14	0	0	830
MOPED	YEAR	1979	10	826	35	2	29	21	0	0	923
MOPED	YEAR	1978	8	786	27	3	20	18	0	1	863
MOPED	YEAR	1977	5	1137	39	6	16	34	0	0	1237
MOPED	YEAR	1976	5	2031	70	10	29	76	0	0	2221
MOPED	YEAR	1975	40	6108	195	34	83	209	1	2	6672
MOPED	YEAR	1974	9	711	14	4	12	22	0	0	772
MOPED	YEAR	1973	4	225	7	0	2	10	0	0	248
MOPED	YEAR	1972	4	217	10	1	5	7	0	0	244
MOPED	YEAR	1971	3	289	15	0	2	9	0	0	318
MOPED	YEAR	1970	6	336	17	2	2	11	0	0	374
MOPED	YEAR	1969	2	88	2	0	1	0	0	0	93
MOPED	YEAR	1968	1	67	5	0	0	1	0	0	74
MOPED	YEAR	1967	1	27	1	0	0	0	0	0	29
MOPED	YEAR	1966	0	76	5	0	1	4	0	0	86
MOPED	YEAR	1965	1	52	5	1	0	0	0	0	59
MOPED	YEAR	1964	0	13	5	0	1	0	0	0	19
MOPED	YEAR	1963	0	26	0	0	0	0	0	0	26
MOPED	YEAR	1962	0	15	2	0	0	0	0	0	17
MOPED	YEAR	1961	0	12	3	0	0	0	0	0	15
MOPED	YEAR	1960	0	24	2	0	0	0	0	0	26
MOPED	YEAR	1959	0	12	1	0	0	0	0	0	13
MOPED	YEAR	1958	0	11	2	0	0	0	0	0	13
MOPED	YEAR	1957	0	6	2	0	0	0	0	0	8
MOPED	YEAR	1956	1	3	0	0	0	0	0	0	4
MOPED	YEAR	1955	0	9	1	0	0	0	0	0	10
MOPED	YEAR	1954	0	3	0	0	0	0	0	0	3
MOPED	YEAR	1953	0	6	0	0	0	0	0	0	6
MOPED	YEAR	1952	1	3	0	0	0	0	0	0	4
MOPED	YEAR	1951	0	4	0	0	0	0	0	0	4
MOPED	YEAR	1950	0	4	1	0	0	0	0	0	5
MOPED	YEAR	1949	0	1	2	0	0	0	0	0	3
MOPED	YEAR	1948	0	6	0	0	0	0	0	0	6
MOPED	YEAR	1947	0	8	1	0	0	0	0	0	9
MOPED	YEAR	1946	1	5	1	0	0	0	0	0	7
MOPED	YEAR	1943	0	0	0	0	0	1	0	0	1
MOPED	YEAR	1939	0	1	0	0	0	0	0	0	1
MOPED	YEAR	1938	0	1	0	0	0	0	0	0	1
MOPED	YEAR	1937	0	1	0	0	0	0	0	0	1
MOPED	YEAR	1935	0	1	0	0	0	0	0	0	1
MOPED	YEAR	1926	0	1	0	0	0	0	0	0	1
MOPED	YEAR	1911	0	1	0	0	0	0	0	0	1
MOPED	YEAR	1900	0	16	0	0	1	0	0	0	17
COMMERCIAL	AXLES	1	3600	22447	3554	4977	3684	792	0	268	39322
COMMERCIAL	AXLES	2	1423533	2486086	269170	546736	303445	85395	218	47649	5162232
COMMERCIAL	AXLES	3	105528	290398	68371	14429	42472	7215	31	2997	531441
COMMERCIAL	AXLES	4	22030	11646	2493	219	1307	188	5	574	38462
COMMERCIAL	AXLES	5	341	675	67	8	78	2	0	16	1187
COMMERCIAL	AXLES	OTHER	144	614	49	25	54	8	1	8	903
COMMERCIAL	MOTIVE POWER		0	48	36	3	23	1	0	0	111
COMMERCIAL	MOTIVE POWER	D	340504	512725	101366	30887	83858	12804	194	12049	1094387
COMMERCIAL	MOTIVE POWER	E	15	84	18	2	4	4	0	0	127
COMMERCIAL	MOTIVE POWER	F	206745	133819	9961	5180	18669	4854	5	1649	380882
COMMERCIAL	MOTIVE POWER	G	1003437	2156129	231365	527833	247819	75693	56	37770	4280102
COMMERCIAL	MOTIVE POWER	L	2899	395	36	37	75	22	0	6	3470
COMMERCIAL	MOTIVE POWER	N	975	334	35	97	33	5	0	13	1492
COMMERCIAL	MOTIVE POWER	P	533	8191	873	2322	542	210	0	22	12693
COMMERCIAL	MOTIVE POWER	U	48	76	7	21	6	2	0	2	162
COMMERCIAL	MOTIVE POWER	OTHER	20	65	7	12	11	5	0	1	121
COMMERCIAL	BODY TYPE	CB	41839	74380	10879	9393	8699	1602	2	2607	149401
COMMERCIAL	BODY TYPE	CN	744	1085	240	29	149	33	0	40	2320
COMMERCIAL	BODY TYPE	CO	6889	21923	4679	1954	2964	564	1	540	39514
COMMERCIAL	BODY TYPE	CT	163176	264736	65217	10884	43541	6201	25	4421	558201
COMMERCIAL	BODY TYPE	CW	262823	256496	18686	3822	32832	10065	14	1855	586593
COMMERCIAL	BODY TYPE	DP	6629	37613	7526	2555	3678	1048	11	728	59788
COMMERCIAL	BODY TYPE	FM	1305	12895	2485	1469	1324	568	1	88	20135
COMMERCIAL	BODY TYPE	FV	123187	33169	4143	3085	8574	715	0	462	173335
COMMERCIAL	BODY TYPE	IC	3809	2703	477	760	401	47	0	87	8284
COMMERCIAL	BODY TYPE	MX	1348	2016	450	78	337	43	0	74	4346
COMMERCIAL	BODY TYPE	OV	18	123	30	12	8	2	0	3	196
COMMERCIAL	BODY TYPE	PD	1246	815	100	83	98	16	0	20	2378
COMMERCIAL	BODY TYPE	PF	760	10878	1888	1157	684	279	0	111	15757
COMMERCIAL	BODY TYPE	PK	888690	1642171	178227	378494	200408	58706	184	36125	3383005
COMMERCIAL	BODY TYPE	PR	365	1283	252	105	355	102	0	19	2481
COMMERCIAL	BODY TYPE	SD	340	1684	246	275	428	58	0	27	3058
COMMERCIAL	BODY TYPE	ST	440	27080	4058	3208	861	599	1	107	36354
COMMERCIAL	BODY TYPE	TX	1658	6526	1563	670	558	184	0	96	11255
COMMERCIAL	BODY TYPE	TY	21413	45388	5309	8646	7307	2242	13	821	91139
COMMERCIAL	BODY TYPE	VN	27078	346413	33952	138697	36034	10375	3	3194	595746
COMMERCIAL	BODY TYPE	WR	1419	5455	1114	803	278	145	0	87	9301
COMMERCIAL	BODY TYPE	OTHER	0	17034	2183	215	1522	6	0	0	20960
COMMERCIAL	YEAR	2022	21261	1205	79	0	247	6	0	19	22817
COMMERCIAL	YEAR	2021	129859	8728	407	2	1331	111	0	47	140485
COMMERCIAL	YEAR	2020	112553	29936	1277	11	3554	668	0	88	148087
COMMERCIAL	YEAR	2019	143314	52461	2560	60	6542	1276	0	113	206326
COMMERCIAL	YEAR	2018	123742	57831	3445	137	8011	1509	0	127	194802
COMMERCIAL	YEAR	2017	117816	59972	3915	255	8640	1931	0	136	192665
COMMERCIAL	YEAR	2016	100677	65732	5017	351	8985	2087	5	189	183043
COMMERCIAL	YEAR	2015	80891	55574	4492	394	7765	2010	4	256	151386
COMMERCIAL	YEAR	2014	71922	53793	4350	543	7272	1956	6	271	140113
COMMERCIAL	YEAR	2013	60904	46485	3959	582	6612	1677	2	314	120535
COMMERCIAL	YEAR	2012	59224	42047	4092	861	6605	1434	3	420	114686
COMMERCIAL	YEAR	2011	68877	48374	4510	1495	7295	1733	1	599	132884
COMMERCIAL	YEAR	2010	62915	45222	4545	2017	6694	1662	1	841	123897
COMMERCIAL	YEAR	2009	44846	32293	4208	2140	5430	1201	0	851	90969
COMMERCIAL	YEAR	2008	53633	45764	6871	4583	7887	1586	4	1642	121970
COMMERCIAL	YEAR	2007	52407	51850	8931	5933	9249	1878	8	1953	132209
COMMERCIAL	YEAR	2006	42697	47232	8929	7583	8152	1910	4	2185	118692
COMMERCIAL	YEAR	2005	36137	48163	9146	9086	7594	1935	7	2504	114572
COMMERCIAL	YEAR	2004	30185	49786	8430	11584	7080	2114	3	2915	112097
COMMERCIAL	YEAR	2003	26945	55080	8603	15686	7252	2096	5	3342	119009
COMMERCIAL	YEAR	2002	18241	52539	7567	16127	6944	2009	25	2975	106427
COMMERCIAL	YEAR	2001	14151	53605	7909	16700	9244	1897	113	2780	106399
COMMERCIAL	YEAR	2000	13207	65113	9550	21681	10804	2229	1	3147	125732
COMMERCIAL	YEAR	1999	10053	62023	8808	20394	12261	1950	3	2814	118306
COMMERCIAL	YEAR	1998	9547	60624	8372	20777	15567	1996	3	2797	119683
COMMERCIAL	YEAR	1997	6758	53023	7489	18592	11338	1648	4	2325	101177
COMMERCIAL	YEAR	1996	5020	40137	5729	13029	6155	1202	10	1657	72939
COMMERCIAL	YEAR	1995	5514	52349	8109	17048	8180	1555	1	2042	94798
COMMERCIAL	YEAR	1994	3779	47630	7107	17142	7484	1626	0	1817	86585
COMMERCIAL	YEAR	1993	2737	39337	5852	13069	5704	1355	0	1369	69423
COMMERCIAL	YEAR	1992	2288	40257	5393	13834	5425	1437	0	1187	69821
COMMERCIAL	YEAR	1991	1935	42037	5299	13870	5125	1522	1	1079	70868
COMMERCIAL	YEAR	1990	2438	58609	7518	18364	7175	1991	0	1292	97387
COMMERCIAL	YEAR	1989	2107	75566	8770	23276	8520	2571	0	1225	122035
COMMERCIAL	YEAR	1988	1711	92037	10246	26458	10445	3140	0	1145	145182
COMMERCIAL	YEAR	1987	1396	76514	8807	20060	9099	2470	4	540	118890
COMMERCIAL	YEAR	1986	1504	81202	8698	19302	9342	2758	2	464	123272
COMMERCIAL	YEAR	1985	1114	73631	7157	15946	8496	2385	2	361	109092
COMMERCIAL	YEAR	1984	855	60677	6102	13539	6524	2082	2	228	90009
COMMERCIAL	YEAR	1983	454	36966	3278	9167	4038	1379	0	110	55392
COMMERCIAL	YEAR	1982	436	36343	3622	8170	4016	1224	0	106	53917
COMMERCIAL	YEAR	1981	692	60961	5725	12991	5756	2074	0	189	88388
COMMERCIAL	YEAR	1980	482	60555	5917	11916	5798	2016	3	128	86815
COMMERCIAL	YEAR	1979	864	78180	7850	14571	6876	2528	3	153	111025
COMMERCIAL	YEAR	1978	689	68530	7187	14029	5751	2146	6	121	98459
COMMERCIAL	YEAR	1977	517	70294	7617	15536	5205	2193	3	88	101453
COMMERCIAL	YEAR	1976	321	62852	7194	14237	3915	2003	0	73	90595
COMMERCIAL	YEAR	1975	250	54504	6666	11775	3136	1724	3	67	78125
COMMERCIAL	YEAR	1974	201	58904	7687	13567	2965	1863	3	62	85252
COMMERCIAL	YEAR	1973	145	43600	5866	9766	2041	1319	3	28	62768
COMMERCIAL	YEAR	1972	421	34057	5122	6906	1478	1051	4	40	49079
COMMERCIAL	YEAR	1971	232	21425	3405	4398	843	697	1	34	31035
COMMERCIAL	YEAR	1970	267	19302	3115	3579	591	593	2	26	27475
COMMERCIAL	YEAR	1969	256	22158	3649	4301	672	634	0	26	31696
COMMERCIAL	YEAR	1968	248	15905	2637	2692	433	426	0	24	22365
COMMERCIAL	YEAR	1967	181	12201	2140	2127	310	343	0	20	17322
COMMERCIAL	YEAR	1966	228	8068	1597	1321	225	212	0	12	11663
COMMERCIAL	YEAR	1965	164	5086	1083	844	124	141	0	14	7456
COMMERCIAL	YEAR	1964	158	3861	825	626	96	91	0	12	5669
COMMERCIAL	YEAR	1963	97	2283	513	364	59	57	0	8	3381
COMMERCIAL	YEAR	1962	60	1440	362	201	34	29	0	6	2132
COMMERCIAL	YEAR	1961	54	1001	329	163	24	25	0	1	1597
COMMERCIAL	YEAR	1960	51	946	323	123	33	30	0	3	1509
COMMERCIAL	YEAR	1959	93	708	396	87	32	11	0	10	1337
COMMERCIAL	YEAR	1958	72	503	302	65	19	13	0	1	975
COMMERCIAL	YEAR	1957	121	589	443	54	38	15	0	5	1265
COMMERCIAL	YEAR	1956	189	820	633	66	55	29	0	6	1798
COMMERCIAL	YEAR	1955	166	625	448	44	44	10	0	5	1342
COMMERCIAL	YEAR	1954	131	497	365	31	37	8	0	1	1070
COMMERCIAL	YEAR	1953	191	596	571	41	44	14	0	9	1466
COMMERCIAL	YEAR	1952	189	665	642	20	59	14	0	12	1601
COMMERCIAL	YEAR	1951	213	456	554	31	52	13	0	10	1329
COMMERCIAL	YEAR	1950	194	394	524	23	26	8	0	7	1176
COMMERCIAL	YEAR	1949	149	405	499	16	31	15	0	2	1117
COMMERCIAL	YEAR	1948	116	298	379	9	20	13	0	5	840
COMMERCIAL	YEAR	1947	118	262	353	10	20	9	0	6	778
COMMERCIAL	YEAR	1946	106	198	269	2	18	8	0	4	605
COMMERCIAL	YEAR	1945	13	43	53	3	3	1	0	1	117
COMMERCIAL	YEAR	1944	6	37	41	0	3	1	0	0	88
COMMERCIAL	YEAR	1943	7	23	26	1	0	0	0	0	57
COMMERCIAL	YEAR	1942	26	62	98	1	8	2	0	0	197
COMMERCIAL	YEAR	1941	46	73	119	0	7	1	0	3	249
COMMERCIAL	YEAR	1940	47	76	131	1	6	2	0	3	266
COMMERCIAL	YEAR	1939	20	34	81	1	9	0	0	5	150
COMMERCIAL	YEAR	1938	32	52	71	1	7	1	0	1	165
COMMERCIAL	YEAR	1937	45	60	86	0	4	1	0	2	198
COMMERCIAL	YEAR	1936	29	63	60	0	3	2	0	1	158
COMMERCIAL	YEAR	1935	24	34	68	0	5	1	0	0	132
COMMERCIAL	YEAR	1934	33	34	62	0	7	0	0	1	137
COMMERCIAL	YEAR	1933	6	20	38	0	1	0	0	0	65
COMMERCIAL	YEAR	1932	18	49	57	0	4	0	0	1	129
COMMERCIAL	YEAR	1931	27	51	56	0	5	1	0	1	141
COMMERCIAL	YEAR	1930	28	53	68	0	2	1	0	0	152
COMMERCIAL	YEAR	1929	31	62	70	0	5	1	0	2	171
COMMERCIAL	YEAR	1928	20	33	59	0	7	0	0	1	120
COMMERCIAL	YEAR	1927	8	19	28	0	1	1	0	0	57
COMMERCIAL	YEAR	1926	5	15	16	0	1	0	0	0	37
COMMERCIAL	YEAR	1925	4	9	22	0	0	0	0	0	35
COMMERCIAL	YEAR	1924	4	7	13	0	0	0	0	0	24
COMMERCIAL	YEAR	1923	17	40	23	0	6	0	0	0	86
COMMERCIAL	YEAR	1922	2	0	2	0	0	0	0	0	4
COMMERCIAL	YEAR	1921	0	0	4	0	1	1	0	0	6
COMMERCIAL	YEAR	1920	0	3	1	0	0	0	0	0	4
COMMERCIAL	YEAR	1919	0	3	4	0	0	0	0	0	7
COMMERCIAL	YEAR	1918	0	2	2	0	0	0	0	0	4
COMMERCIAL	YEAR	1917	0	4	0	0	0	0	0	0	4
COMMERCIAL	YEAR	1916	0	0	1	0	0	0	0	0	1
COMMERCIAL	YEAR	1915	0	1	1	0	0	0	0	0	2
COMMERCIAL	YEAR	1914	0	2	0	0	0	1	0	0	3
COMMERCIAL	YEAR	1913	0	0	1	0	0	0	0	0	1
COMMERCIAL	YEAR	1911	0	0	2	0	0	0	0	0	2
COMMERCIAL	YEAR	1909	0	3	0	1	0	0	0	0	4
COMMERCIAL	YEAR	1908	0	1	0	0	1	0	0	0	2
COMMERCIAL	YEAR	1907	0	5	1	3	0	0	0	0	9
COMMERCIAL	YEAR	1906	0	5	0	1	0	0	0	0	6
COMMERCIAL	YEAR	1905	0	2	0	0	0	0	0	0	2
COMMERCIAL	YEAR	1904	0	4	0	0	1	0	0	0	5
COMMERCIAL	YEAR	1903	0	1	1	0	0	0	0	0	2
COMMERCIAL	YEAR	1902	0	0	0	0	0	1	0	0	1
COMMERCIAL	YEAR	1900	2	5	3	1	0	0	0	0	11
BUS	AXLES	1	74	608	86	79	167	57	0	8	1079
BUS	AXLES	2	28626	43524	6610	13029	4110	3760	2	567	100228
BUS	AXLES	3	2020	7330	998	587	1157	530	2	70	12694
BUS	AXLES	OTHER	12	41	4	5	3	0	0	0	65
BUS	MOTIVE POWER	D	18342	31889	4575	10160	3011	2321	0	505	70803
BUS	MOTIVE POWER	E	125	195	27	2	1	0	0	0	350
BUS	MOTIVE POWER	F	2782	449	32	13	106	9	0	21	3412
BUS	MOTIVE POWER	G	8616	17810	2960	3299	2292	1969	4	119	37069
BUS	MOTIVE POWER	I	397	365	1	67	0	0	0	0	830
BUS	MOTIVE POWER	L	83	38	1	48	0	0	0	0	170
BUS	MOTIVE POWER	N	93	268	11	34	0	1	0	0	407
BUS	MOTIVE POWER	P	290	463	90	76	25	46	0	0	990
BUS	MOTIVE POWER	OTHER	4	26	1	1	2	1	0	0	35
BUS	BODY TYPE	BU	30732	51368	7684	13697	5431	4347	4	645	113908
BUS	BODY TYPE	OTHER	0	135	14	3	6	0	0	0	158
BUS	YEAR	2023	31	0	0	0	0	0	0	0	31
BUS	YEAR	2022	880	3	1	0	0	0	0	0	884
BUS	YEAR	2021	1304	39	1	0	0	0	0	0	1344
BUS	YEAR	2020	1830	107	1	0	14	0	0	0	1952
BUS	YEAR	2019	2995	194	4	0	59	0	0	1	3253
BUS	YEAR	2018	2500	187	6	0	23	1	0	3	2720
BUS	YEAR	2017	2802	238	19	1	44	0	0	3	3107
BUS	YEAR	2016	2327	215	21	2	50	1	0	3	2619
BUS	YEAR	2015	1816	328	18	2	21	2	0	18	2205
BUS	YEAR	2014	1971	274	31	5	31	1	0	20	2333
BUS	YEAR	2013	2352	361	36	22	49	2	0	7	2829
BUS	YEAR	2012	2090	388	53	14	44	5	0	8	2602
BUS	YEAR	2011	1693	468	64	26	83	6	0	5	2345
BUS	YEAR	2010	1794	481	58	81	108	5	0	13	2540
BUS	YEAR	2009	1234	1349	114	191	139	10	0	21	3058
BUS	YEAR	2008	776	1078	95	202	102	28	0	48	2329
BUS	YEAR	2007	800	1094	92	170	116	18	0	28	2318
BUS	YEAR	2006	635	1584	159	637	108	38	0	30	3191
BUS	YEAR	2005	329	1276	111	450	94	25	0	26	2311
BUS	YEAR	2004	206	1486	214	811	55	46	0	36	2854
BUS	YEAR	2003	127	1169	157	558	72	33	0	46	2162
BUS	YEAR	2002	37	1096	112	527	57	29	0	36	1894
BUS	YEAR	2001	32	1541	138	506	99	36	0	29	2381
BUS	YEAR	2000	50	1417	134	882	178	59	0	44	2764
BUS	YEAR	1999	32	1271	155	704	125	184	0	38	2509
BUS	YEAR	1998	26	1155	174	614	86	101	0	27	2183
BUS	YEAR	1997	13	978	149	398	120	76	0	22	1756
BUS	YEAR	1996	7	1125	108	573	88	64	0	22	1987
BUS	YEAR	1995	2	1117	189	420	140	49	0	46	1963
BUS	YEAR	1994	2	799	191	218	142	59	0	11	1422
BUS	YEAR	1993	0	891	179	309	167	55	0	10	1611
BUS	YEAR	1992	0	1253	230	313	164	114	0	10	2084
BUS	YEAR	1991	1	1266	188	410	129	108	0	10	2112
BUS	YEAR	1990	1	1568	265	494	139	163	0	4	2634
BUS	YEAR	1989	0	1674	328	423	109	143	0	5	2682
BUS	YEAR	1988	0	1674	329	411	118	197	0	3	2732
BUS	YEAR	1987	1	1697	285	304	188	335	0	4	2814
BUS	YEAR	1986	1	1263	212	223	147	202	0	1	2049
BUS	YEAR	1985	1	1325	249	247	148	178	0	2	2150
BUS	YEAR	1984	1	1166	225	239	145	154	0	0	1930
BUS	YEAR	1983	0	958	135	217	134	84	0	0	1528
BUS	YEAR	1982	0	977	124	124	134	88	0	0	1447
BUS	YEAR	1981	3	1534	185	194	229	197	1	0	2343
BUS	YEAR	1980	1	1088	134	138	191	150	0	0	1702
BUS	YEAR	1979	2	1208	130	141	201	120	0	0	1802
BUS	YEAR	1978	0	1150	168	221	155	197	0	0	1891
BUS	YEAR	1977	0	1171	138	184	65	202	0	0	1760
BUS	YEAR	1976	0	1079	156	162	84	158	0	0	1639
BUS	YEAR	1975	0	1455	183	290	141	215	0	0	2284
BUS	YEAR	1974	0	893	190	200	56	112	0	1	1452
BUS	YEAR	1973	1	782	218	97	35	74	0	0	1207
BUS	YEAR	1972	0	620	133	80	48	69	2	0	952
BUS	YEAR	1971	1	439	59	74	44	40	1	0	658
BUS	YEAR	1970	0	288	50	49	33	37	0	0	457
BUS	YEAR	1969	0	279	46	24	13	20	0	0	382
BUS	YEAR	1968	0	200	65	28	21	4	0	0	318
BUS	YEAR	1967	0	227	101	22	18	13	0	0	381
BUS	YEAR	1966	0	168	98	22	42	9	0	2	341
BUS	YEAR	1965	0	127	87	13	39	10	0	0	276
BUS	YEAR	1964	0	78	26	5	22	5	0	0	136
BUS	YEAR	1963	0	48	81	6	11	5	0	0	151
BUS	YEAR	1962	0	28	49	4	6	4	0	0	91
BUS	YEAR	1961	0	19	2	10	1	1	0	1	34
BUS	YEAR	1960	0	21	3	2	8	1	0	1	36
BUS	YEAR	1959	0	17	3	2	2	0	0	0	24
BUS	YEAR	1958	0	6	2	1	0	2	0	0	11
BUS	YEAR	1957	0	11	3	0	0	1	0	0	15
BUS	YEAR	1956	0	7	3	0	0	1	0	0	11
BUS	YEAR	1955	0	5	4	1	1	0	0	0	11
BUS	YEAR	1954	0	2	2	0	0	0	0	0	4
BUS	YEAR	1953	0	3	1	1	0	0	0	0	5
BUS	YEAR	1952	0	3	3	0	0	0	0	0	6
BUS	YEAR	1951	0	4	0	1	1	0	0	0	6
BUS	YEAR	1950	0	5	4	0	1	0	0	0	10
BUS	YEAR	1949	0	1	5	0	0	0	0	0	6
BUS	YEAR	1948	0	2	3	0	0	0	0	0	5
BUS	YEAR	1947	0	0	1	0	0	0	0	0	1
BUS	YEAR	1946	0	0	1	0	0	0	0	0	1
BUS	YEAR	1945	0	0	1	0	0	0	0	0	1
BUS	YEAR	1943	0	1	0	0	0	0	0	0	1
BUS	YEAR	1939	0	1	1	0	0	0	0	0	2
BUS	YEAR	1938	0	0	1	0	0	0	0	0	1
BUS	YEAR	1937	0	1	1	0	0	0	0	0	2
BUS	YEAR	1935	0	1	1	0	0	0	0	0	2
BUS	YEAR	1923	25	0	0	0	0	0	0	0	25
BUS	YEAR	1921	0	0	1	0	0	0	0	0	1
BUS	YEAR	1919	0	0	0	0	0	1	0	0	1
BUS	YEAR	1916	0	1	0	0	0	0	0	0	1
BUS	YEAR	1902	0	0	1	0	0	0	0	0	1
TRAILER	AXLES	1	2088817	235596	4273	1812	40870	18327	3	0	2389698
TRAILER	AXLES	2	1102576	240449	9891	864	69641	14593	20	0	1438034
TRAILER	AXLES	3	113656	23434	1298	113	12447	1604	27	0	152579
TRAILER	AXLES	4	21902	4030	310	22	2422	218	0	0	28904
TRAILER	AXLES	5	7633	1456	115	5	239	67	0	0	9515
TRAILER	AXLES	6	2400	472	38	2	110	11	0	0	3033
TRAILER	AXLES	OTHER	1461	124	10	0	120	5	0	0	1720
TRAILER	BODY TYPE	AT	12437	2571	148	6	729	145	0	0	16036
TRAILER	BODY TYPE	BT	748669	84747	738	286	15858	6203	10	0	856511
TRAILER	BODY TYPE	DP	69090	5911	1130	54	2978	297	1	0	79461
TRAILER	BODY TYPE	DT	4884	857	28	2	304	13	2	0	6090
TRAILER	BODY TYPE	FV	310647	89912	4274	392	43267	8540	12	0	457044
TRAILER	BODY TYPE	HR	23887	3380	77	14	1554	261	0	0	29173
TRAILER	BODY TYPE	LB	48772	6216	398	44	1360	412	9	0	57211
TRAILER	BODY TYPE	LT	13508	4001	154	30	1521	305	0	0	19519
TRAILER	BODY TYPE	LV	15534	1670	55	7	747	130	0	0	18143
TRAILER	BODY TYPE	MX	218	69	5	5	27	6	0	0	330
TRAILER	BODY TYPE	OV	5598	1352	59	7	336	43	2	0	7397
TRAILER	BODY TYPE	PF	310410	51487	2213	600	12697	4052	8	0	381467
TRAILER	BODY TYPE	PL	3819	842	51	10	168	60	0	0	4950
TRAILER	BODY TYPE	TT	126475	23292	642	177	6829	1488	0	0	158903
TRAILER	BODY TYPE	TV	355063	118303	1825	315	19080	3990	1	0	498577
TRAILER	BODY TYPE	TY	1283092	110645	4121	867	18245	8878	5	0	1425853
TRAILER	BODY TYPE	OTHER	6342	306	17	2	149	2	0	0	6818
TRAILER	YEAR	2023	18	0	0	0	0	0	0	0	18
TRAILER	YEAR	2022	30801	1194	6	0	274	25	0	0	32300
TRAILER	YEAR	2021	93931	2471	12	0	429	23	0	0	96866
TRAILER	YEAR	2020	82874	2751	21	0	691	55	0	0	86392
TRAILER	YEAR	2019	90633	3560	36	0	917	54	0	0	95200
TRAILER	YEAR	2018	96420	3880	52	0	1114	79	0	0	101545
TRAILER	YEAR	2017	87007	4001	58	0	1266	146	0	0	92478
TRAILER	YEAR	2016	80714	4248	61	0	1252	154	0	0	86429
TRAILER	YEAR	2015	82319	4683	90	0	1404	170	0	0	88666
TRAILER	YEAR	2014	82823	5496	136	0	1603	202	0	0	90260
TRAILER	YEAR	2013	84937	5876	154	0	2016	247	0	0	93230
TRAILER	YEAR	2012	82808	6130	202	0	2056	299	0	0	91495
TRAILER	YEAR	2011	82602	6407	227	1	2136	289	1	0	91663
TRAILER	YEAR	2010	72264	6116	246	1	1743	301	0	0	80671
TRAILER	YEAR	2009	77255	6801	306	1	2185	407	0	0	86955
TRAILER	YEAR	2008	95604	8983	489	1	3174	644	0	0	108895
TRAILER	YEAR	2007	94609	9747	593	1	3373	553	0	0	108876
TRAILER	YEAR	2006	89597	9355	522	0	3325	597	0	0	103396
TRAILER	YEAR	2005	79962	9362	562	1	3661	524	0	0	94072
TRAILER	YEAR	2004	76304	8966	521	1	2859	536	0	0	89187
TRAILER	YEAR	2003	70082	8692	542	2	2605	589	0	0	82512
TRAILER	YEAR	2002	61967	7983	466	2	2166	617	0	0	73201
TRAILER	YEAR	2001	62030	9638	546	9	3099	727	0	0	76049
TRAILER	YEAR	2000	71705	11815	662	6	3965	890	3	0	89046
TRAILER	YEAR	1999	62014	11207	721	9	3817	1003	0	0	78771
TRAILER	YEAR	1998	60934	12031	750	31	3941	1091	1	0	78779
TRAILER	YEAR	1997	52297	10182	565	14	2796	978	1	0	66833
TRAILER	YEAR	1996	48521	10103	431	16	2597	1054	2	0	62724
TRAILER	YEAR	1995	51609	10855	515	19	3079	962	3	0	67042
TRAILER	YEAR	1994	49325	10427	389	27	3147	865	0	0	64180
TRAILER	YEAR	1993	45156	9230	363	27	2123	729	0	0	57628
TRAILER	YEAR	1992	47371	10487	281	37	2262	743	0	0	61181
TRAILER	YEAR	1991	43311	9523	290	47	1942	724	0	0	55837
TRAILER	YEAR	1990	51915	12228	356	49	2687	775	1	0	68011
TRAILER	YEAR	1989	55006	13724	348	67	2888	896	0	0	72929
TRAILER	YEAR	1988	51500	14447	435	60	3751	987	1	0	71181
TRAILER	YEAR	1987	48643	13499	393	73	3929	877	4	0	67418
TRAILER	YEAR	1986	42538	11929	265	72	3528	853	18	0	59203
TRAILER	YEAR	1985	41466	11298	234	86	3253	782	2	0	57121
TRAILER	YEAR	1984	37736	10793	245	94	2906	762	0	0	52536
TRAILER	YEAR	1983	31548	7182	129	77	1371	452	0	0	40759
TRAILER	YEAR	1982	28324	7202	113	72	1082	406	0	0	37199
TRAILER	YEAR	1981	36973	8906	164	77	1923	485	2	0	48530
TRAILER	YEAR	1980	47865	10617	195	80	2451	673	1	0	61882
TRAILER	YEAR	1979	45693	12286	277	125	2831	927	2	0	62141
TRAILER	YEAR	1978	40021	11278	192	88	2427	746	0	0	54752
TRAILER	YEAR	1977	38315	10236	176	101	2051	763	1	0	51643
TRAILER	YEAR	1976	40016	10158	154	95	1962	685	0	0	53070
TRAILER	YEAR	1975	41494	10283	170	86	1895	780	2	0	54710
TRAILER	YEAR	1974	44008	11956	179	117	2389	1043	1	0	59693
TRAILER	YEAR	1973	44008	11981	190	165	2122	882	1	0	59349
TRAILER	YEAR	1972	41145	10433	176	149	1658	908	0	0	54469
TRAILER	YEAR	1971	34975	8282	120	113	1158	623	0	0	45271
TRAILER	YEAR	1970	35284	7659	84	126	912	583	1	0	44649
TRAILER	YEAR	1969	30901	7387	83	114	869	569	1	0	39924
TRAILER	YEAR	1968	24300	5528	77	66	633	426	0	0	31030
TRAILER	YEAR	1967	20184	4485	68	66	458	288	0	0	25549
TRAILER	YEAR	1966	16236	3609	46	46	383	273	0	0	20593
TRAILER	YEAR	1965	14014	3048	42	55	321	222	1	0	17703
TRAILER	YEAR	1964	9662	2169	28	35	206	145	0	0	12245
TRAILER	YEAR	1963	7436	1571	33	21	165	112	0	0	9338
TRAILER	YEAR	1962	6677	1352	20	29	106	100	0	0	8284
TRAILER	YEAR	1961	5723	1212	16	22	108	93	0	0	7174
TRAILER	YEAR	1960	6713	1334	17	21	95	70	0	0	8250
TRAILER	YEAR	1959	5069	1066	20	21	89	72	0	0	6337
TRAILER	YEAR	1958	3839	804	12	20	59	69	0	0	4803
TRAILER	YEAR	1957	2609	615	14	14	26	42	0	0	3320
TRAILER	YEAR	1956	2330	537	10	15	25	40	0	0	2957
TRAILER	YEAR	1955	1692	410	9	10	18	24	0	0	2163
TRAILER	YEAR	1954	910	213	3	3	15	12	0	0	1156
TRAILER	YEAR	1953	812	241	3	3	10	12	0	0	1081
TRAILER	YEAR	1952	556	135	5	7	6	7	0	0	716
TRAILER	YEAR	1951	373	95	2	5	3	2	0	0	480
TRAILER	YEAR	1950	696	136	2	7	6	13	0	0	860
TRAILER	YEAR	1949	311	81	3	3	3	6	0	0	407
TRAILER	YEAR	1948	436	94	1	2	15	6	0	0	554
TRAILER	YEAR	1947	292	65	0	3	2	7	0	0	369
TRAILER	YEAR	1946	196	37	2	0	0	2	0	0	237
TRAILER	YEAR	1945	114	22	0	0	2	1	0	0	139
TRAILER	YEAR	1944	45	8	0	0	1	0	0	0	54
TRAILER	YEAR	1943	31	8	1	0	1	0	0	0	41
TRAILER	YEAR	1942	45	13	0	0	0	0	0	0	58
TRAILER	YEAR	1941	35	12	2	0	0	0	0	0	49
TRAILER	YEAR	1940	84	18	0	0	1	1	0	0	104
TRAILER	YEAR	1939	23	4	0	0	1	0	0	0	28
TRAILER	YEAR	1938	12	11	0	0	0	1	0	0	24
TRAILER	YEAR	1937	32	9	0	0	0	0	0	0	41
TRAILER	YEAR	1936	25	2	0	0	1	0	0	0	28
TRAILER	YEAR	1935	23	1	0	0	0	0	0	0	24
TRAILER	YEAR	1934	8	2	0	0	0	0	0	0	10
TRAILER	YEAR	1933	5	1	0	0	0	1	0	0	7
TRAILER	YEAR	1932	10	1	0	0	1	0	0	0	12
TRAILER	YEAR	1931	3	1	0	0	0	0	0	0	4
TRAILER	YEAR	1930	16	3	0	0	0	0	0	0	19
TRAILER	YEAR	1929	5	3	0	0	0	0	0	0	8
TRAILER	YEAR	1928	4	0	0	0	0	0	0	0	4
TRAILER	YEAR	1927	2	1	0	0	0	0	0	0	3
TRAILER	YEAR	1926	2	1	0	0	0	0	0	0	3
TRAILER	YEAR	1925	6	0	0	0	0	0	0	0	6
TRAILER	YEAR	1924	0	1	0	0	0	0	0	0	1
TRAILER	YEAR	1923	55	1	0	0	0	0	0	0	56
TRAILER	YEAR	1921	2	0	0	0	0	0	0	0	2
TRAILER	YEAR	1920	1	0	0	0	0	0	0	0	1
TRAILER	YEAR	1919	6	2	0	0	0	0	0	0	8
TRAILER	YEAR	1918	1	1	0	0	0	0	0	0	2
TRAILER	YEAR	1916	1	0	0	0	0	0	0	0	1
TRAILER	YEAR	1912	2	0	0	0	0	0	0	0	2
TRAILER	YEAR	1911	4	2	0	0	0	0	0	0	6
TRAILER	YEAR	1910	2	0	0	0	0	0	0	0	2
TRAILER	YEAR	1909	1	0	0	0	0	0	0	0	1
TRAILER	YEAR	1908	2	1	1	0	0	0	0	0	4
TRAILER	YEAR	1907	5	4	1	0	0	0	0	0	10
TRAILER	YEAR	1906	3	1	0	0	0	0	0	0	4
TRAILER	YEAR	1905	6	1	0	0	0	0	0	0	7
TRAILER	YEAR	1904	6	0	0	0	0	1	0	0	7
TRAILER	YEAR	1903	7	3	0	0	0	0	0	0	10
TRAILER	YEAR	1902	2	2	0	0	0	0	0	0	4
TRAILER	YEAR	1901	5	3	0	0	0	0	0	0	8
TRAILER	YEAR	1900	7560	617	4	5	29	43	0	0	8258
SNOW VEHICLE	MOTIVE POWER		283859	443240	6	3586	13783	24960	6	0	769440
SNOW VEHICLE	MOTIVE POWER	G	32	126	0	2	8	22	0	0	190
SNOW VEHICLE	YEAR	2022	6653	191	0	0	7	1	0	0	6852
SNOW VEHICLE	YEAR	2021	7563	994	0	0	37	3	0	0	8597
SNOW VEHICLE	YEAR	2020	6665	2225	0	0	64	18	0	0	8972
SNOW VEHICLE	YEAR	2019	6239	2840	0	0	116	6	0	0	9201
SNOW VEHICLE	YEAR	2018	7283	3584	0	0	172	5	0	0	11044
SNOW VEHICLE	YEAR	2017	7010	3540	0	1	184	14	0	0	10749
SNOW VEHICLE	YEAR	2016	8534	4062	1	0	225	10	0	0	12832
SNOW VEHICLE	YEAR	2015	6808	3749	1	0	195	15	0	0	10768
SNOW VEHICLE	YEAR	2014	4992	2954	1	0	177	18	0	0	8142
SNOW VEHICLE	YEAR	2013	4353	2968	0	0	192	24	0	0	7537
SNOW VEHICLE	YEAR	2012	4667	3115	0	0	193	22	0	0	7997
SNOW VEHICLE	YEAR	2011	4366	3548	0	1	200	41	0	0	8156
SNOW VEHICLE	YEAR	2010	4688	3892	0	0	222	40	0	0	8842
SNOW VEHICLE	YEAR	2009	5117	4755	0	0	242	48	0	0	10162
SNOW VEHICLE	YEAR	2008	4132	4239	0	0	212	65	0	0	8648
SNOW VEHICLE	YEAR	2007	5122	5959	0	0	256	74	1	0	11412
SNOW VEHICLE	YEAR	2006	5319	7042	0	0	341	98	0	0	12800
SNOW VEHICLE	YEAR	2005	4939	7038	0	2	301	118	0	0	12398
SNOW VEHICLE	YEAR	2004	4689	7636	0	0	328	117	0	0	12770
SNOW VEHICLE	YEAR	2003	4300	8967	0	0	387	159	0	0	13813
SNOW VEHICLE	YEAR	2002	4671	10251	0	1	384	169	0	0	15476
SNOW VEHICLE	YEAR	2001	3048	8133	0	0	301	153	0	0	11635
SNOW VEHICLE	YEAR	2000	3987	11134	1	2	441	194	0	0	15759
SNOW VEHICLE	YEAR	1999	3951	12679	0	5	459	261	0	0	17355
SNOW VEHICLE	YEAR	1998	4809	16284	0	8	522	364	0	0	21987
SNOW VEHICLE	YEAR	1997	4012	16211	0	14	454	390	2	0	21083
SNOW VEHICLE	YEAR	1996	3263	15419	0	17	473	429	0	0	19601
SNOW VEHICLE	YEAR	1995	2911	15146	0	14	423	387	0	0	18881
SNOW VEHICLE	YEAR	1994	2455	15606	0	18	487	442	0	0	19008
SNOW VEHICLE	YEAR	1993	2097	12651	0	14	440	448	0	0	15650
SNOW VEHICLE	YEAR	1992	1702	9949	0	14	354	345	0	0	12364
SNOW VEHICLE	YEAR	1991	2433	13810	0	23	427	585	0	0	17278
SNOW VEHICLE	YEAR	1990	2705	15119	0	44	373	646	1	0	18888
SNOW VEHICLE	YEAR	1989	2716	14897	0	36	393	631	0	0	18673
SNOW VEHICLE	YEAR	1988	2529	12751	0	43	334	549	0	0	16206
SNOW VEHICLE	YEAR	1987	2168	9993	0	36	253	493	0	0	12943
SNOW VEHICLE	YEAR	1986	1944	7855	0	41	214	400	0	0	10454
SNOW VEHICLE	YEAR	1985	1724	6465	0	34	178	372	0	0	8773
SNOW VEHICLE	YEAR	1984	1357	4381	0	40	107	276	1	0	6162
SNOW VEHICLE	YEAR	1983	1684	4844	0	37	87	313	0	0	6965
SNOW VEHICLE	YEAR	1982	2973	7349	0	62	163	511	0	0	11058
SNOW VEHICLE	YEAR	1981	4018	9925	1	88	212	717	0	0	14961
SNOW VEHICLE	YEAR	1980	8945	17999	0	186	441	1414	0	0	28985
SNOW VEHICLE	YEAR	1979	9528	14772	0	188	295	1385	0	0	26168
SNOW VEHICLE	YEAR	1978	7275	9915	0	147	246	985	1	0	18569
SNOW VEHICLE	YEAR	1977	7683	8436	0	206	220	1012	0	0	17557
SNOW VEHICLE	YEAR	1976	7712	7513	0	199	169	1079	0	0	16672
SNOW VEHICLE	YEAR	1975	7572	6377	0	162	134	1032	0	0	15277
SNOW VEHICLE	YEAR	1974	10096	8339	0	260	142	1418	0	0	20255
SNOW VEHICLE	YEAR	1973	14037	10039	0	411	164	1849	0	0	26500
SNOW VEHICLE	YEAR	1972	12591	9063	0	379	125	1745	0	0	23903
SNOW VEHICLE	YEAR	1971	10685	7757	1	388	133	1518	0	0	20482
SNOW VEHICLE	YEAR	1970	6070	4338	0	272	72	885	0	0	11637
SNOW VEHICLE	YEAR	1969	2999	2382	0	112	49	386	0	0	5928
SNOW VEHICLE	YEAR	1968	1033	908	0	41	16	153	0	0	2151
SNOW VEHICLE	YEAR	1967	484	495	0	18	8	69	0	0	1074
SNOW VEHICLE	YEAR	1966	252	269	0	13	6	32	0	0	572
SNOW VEHICLE	YEAR	1965	144	233	0	3	17	24	0	0	421
SNOW VEHICLE	YEAR	1964	78	133	0	5	6	11	0	0	233
SNOW VEHICLE	YEAR	1963	27	79	0	1	2	2	0	0	111
SNOW VEHICLE	YEAR	1962	23	34	0	0	1	4	0	0	62
SNOW VEHICLE	YEAR	1961	12	32	0	0	5	6	0	0	55
SNOW VEHICLE	YEAR	1960	16	27	0	0	1	1	0	0	45
SNOW VEHICLE	YEAR	1959	3	5	0	0	1	0	0	0	9
SNOW VEHICLE	YEAR	1958	4	9	0	0	1	0	0	0	14
SNOW VEHICLE	YEAR	1957	2	7	0	0	1	0	0	0	10
SNOW VEHICLE	YEAR	1956	0	3	0	0	3	0	0	0	6
SNOW VEHICLE	YEAR	1955	2	4	0	1	1	0	0	0	8
SNOW VEHICLE	YEAR	1954	2	2	0	0	1	0	0	0	5
SNOW VEHICLE	YEAR	1953	1	5	0	0	0	0	0	0	6
SNOW VEHICLE	YEAR	1952	1	7	0	0	1	0	0	0	9
SNOW VEHICLE	YEAR	1950	3	3	0	0	0	0	0	0	6
SNOW VEHICLE	YEAR	1949	0	1	0	0	0	0	0	0	1
SNOW VEHICLE	YEAR	1948	2	4	0	0	0	0	0	0	6
SNOW VEHICLE	YEAR	1947	1	4	0	0	0	0	0	0	5
SNOW VEHICLE	YEAR	1945	0	1	0	0	0	0	0	0	1
SNOW VEHICLE	YEAR	1944	2	3	0	0	0	0	0	0	5
SNOW VEHICLE	YEAR	1940	2	3	0	0	0	0	0	0	5
SNOW VEHICLE	YEAR	1939	1	0	0	0	0	0	0	0	1
SNOW VEHICLE	YEAR	1937	1	0	0	0	0	0	0	0	1
SNOW VEHICLE	YEAR	1935	0	1	0	0	0	0	0	0	1
SNOW VEHICLE	YEAR	1933	0	0	0	1	0	0	0	0	1
SNOW VEHICLE	YEAR	1930	1	1	0	0	0	0	0	0	2
SNOW VEHICLE	YEAR	1917	0	1	0	0	0	0	0	0	1
SNOW VEHICLE	YEAR	1913	0	1	0	0	0	0	0	0	1
SNOW VEHICLE	YEAR	1911	1	0	0	0	0	0	0	0	1
SNOW VEHICLE	YEAR	1907	1	1	0	0	0	0	0	0	2
SNOW VEHICLE	YEAR	1905	0	1	0	0	0	0	0	0	1
SNOW VEHICLE	YEAR	1904	0	3	0	0	0	0	0	0	3
SNOW VEHICLE	YEAR	1903	0	3	0	0	0	0	0	0	3
SNOW VEHICLE	YEAR	1902	1	1	0	0	0	0	0	0	2
SNOW VEHICLE	YEAR	1901	2	2	0	0	0	1	0	0	5
OFF ROAD	MOTIVE POWER	D	268	41	1	0	2	5	0	0	317
OFF ROAD	MOTIVE POWER	G	592466	107650	4913	188	15977	4718	4	2	725918
OFF ROAD	MOTIVE POWER	OTHER	55	60	3	0	9	4	0	0	131
OFF ROAD	BODY TYPE	AP	2420	462	4	0	46	8	0	0	2940
OFF ROAD	BODY TYPE	DB	1158	337	19	7	10	36	0	0	1567
OFF ROAD	BODY TYPE	MB	2406	2078	49	2	39	85	0	0	4659
OFF ROAD	BODY TYPE	MD	3361	1312	69	7	87	88	0	0	4924
OFF ROAD	BODY TYPE	MF	363803	77244	3103	127	10668	3223	1	1	458170
OFF ROAD	BODY TYPE	MW	8219	2970	71	26	223	246	0	0	11755
OFF ROAD	BODY TYPE	RA	211422	23348	1602	19	4915	1041	3	1	242351
OFF ROAD	YEAR	2022	5447	754	0	0	3	0	0	0	6204
OFF ROAD	YEAR	2021	31581	2524	6	0	115	6	0	0	34232
OFF ROAD	YEAR	2020	20364	1817	11	0	162	7	0	0	22361
OFF ROAD	YEAR	2019	21537	2166	15	0	252	9	0	0	23979
OFF ROAD	YEAR	2018	23563	2297	18	0	295	17	0	0	26190
OFF ROAD	YEAR	2017	21389	2114	21	0	372	29	0	0	23925
OFF ROAD	YEAR	2016	19973	2022	18	0	357	37	0	0	22407
OFF ROAD	YEAR	2015	15546	1605	31	0	341	26	0	0	17549
OFF ROAD	YEAR	2014	18720	1877	32	0	384	31	0	0	21044
OFF ROAD	YEAR	2013	17192	2149	58	0	361	45	0	0	19805
OFF ROAD	YEAR	2012	16095	2004	45	0	385	47	0	0	18576
OFF ROAD	YEAR	2011	15409	1773	74	0	403	48	0	0	17707
OFF ROAD	YEAR	2010	10425	1552	79	0	292	42	1	0	12391
OFF ROAD	YEAR	2009	19464	2665	135	0	587	73	0	0	22924
OFF ROAD	YEAR	2008	23988	4044	188	0	780	136	0	0	29136
OFF ROAD	YEAR	2007	28084	4608	229	2	848	196	0	0	33967
OFF ROAD	YEAR	2006	24465	5270	173	1	750	190	2	0	30851
OFF ROAD	YEAR	2005	24004	5033	178	2	741	189	0	0	30147
OFF ROAD	YEAR	2004	25700	5544	257	0	856	179	0	0	32536
OFF ROAD	YEAR	2003	20817	4892	311	3	805	154	0	0	26982
OFF ROAD	YEAR	2002	16415	3622	322	1	575	146	0	0	21081
OFF ROAD	YEAR	2001	18861	3869	403	3	691	173	0	0	24000
OFF ROAD	YEAR	2000	15529	3203	361	3	515	144	0	0	19755
OFF ROAD	YEAR	1999	10786	2172	281	1	386	103	0	0	13729
OFF ROAD	YEAR	1998	7239	1409	156	2	272	60	0	0	9138
OFF ROAD	YEAR	1997	5273	1105	111	0	202	57	0	0	6748
OFF ROAD	YEAR	1996	6114	1393	116	1	228	73	0	0	7925
OFF ROAD	YEAR	1995	5673	1290	73	1	226	75	0	0	7338
OFF ROAD	YEAR	1994	4732	1192	83	2	160	67	0	0	6236
OFF ROAD	YEAR	1993	5553	1267	89	2	215	85	0	1	7212
OFF ROAD	YEAR	1992	5187	1178	57	0	216	68	0	0	6706
OFF ROAD	YEAR	1991	5191	1393	76	1	217	67	0	1	6946
OFF ROAD	YEAR	1990	5922	1605	81	2	242	110	0	0	7962
OFF ROAD	YEAR	1989	4872	1298	56	3	196	75	0	0	6500
OFF ROAD	YEAR	1988	4245	1271	42	2	172	87	0	0	5819
OFF ROAD	YEAR	1987	7820	2248	71	8	402	159	0	0	10708
OFF ROAD	YEAR	1986	12150	3560	100	4	610	264	1	0	16689
OFF ROAD	YEAR	1985	10736	3747	92	21	474	305	0	0	15375
OFF ROAD	YEAR	1984	12043	4210	87	30	385	355	0	0	17110
OFF ROAD	YEAR	1983	9341	3488	85	25	265	291	0	0	13495
OFF ROAD	YEAR	1982	4619	1949	61	10	108	153	0	0	6900
OFF ROAD	YEAR	1981	2258	907	31	8	29	87	0	0	3320
OFF ROAD	YEAR	1980	1379	557	15	9	21	34	0	0	2015
OFF ROAD	YEAR	1979	1274	530	22	7	11	47	0	0	1891
OFF ROAD	YEAR	1978	1179	512	31	7	18	42	0	0	1789
OFF ROAD	YEAR	1977	875	365	21	4	12	30	0	0	1307
OFF ROAD	YEAR	1976	514	244	22	2	11	16	0	0	809
OFF ROAD	YEAR	1975	586	277	21	5	11	17	0	0	917
OFF ROAD	YEAR	1974	646	307	16	5	6	16	0	0	996
OFF ROAD	YEAR	1973	490	221	18	4	3	15	0	0	751
OFF ROAD	YEAR	1972	453	217	12	3	7	13	0	0	705
OFF ROAD	YEAR	1971	285	129	10	1	4	11	0	0	440
OFF ROAD	YEAR	1970	219	93	3	1	5	3	0	0	324
OFF ROAD	YEAR	1969	113	57	2	0	1	2	0	0	175
OFF ROAD	YEAR	1968	83	24	1	0	1	2	0	0	111
OFF ROAD	YEAR	1967	57	17	1	0	0	2	0	0	77
OFF ROAD	YEAR	1966	53	14	1	0	0	2	0	0	70
OFF ROAD	YEAR	1965	55	29	3	0	0	1	0	0	88
OFF ROAD	YEAR	1964	30	9	0	0	0	2	0	0	41
OFF ROAD	YEAR	1963	21	5	0	0	1	0	0	0	27
OFF ROAD	YEAR	1962	22	10	0	0	0	1	0	0	33
OFF ROAD	YEAR	1961	10	6	0	0	0	0	0	0	16
OFF ROAD	YEAR	1960	19	7	1	1	0	0	0	0	28
OFF ROAD	YEAR	1959	18	5	0	0	0	2	0	0	25
OFF ROAD	YEAR	1958	6	4	0	0	0	1	0	0	11
OFF ROAD	YEAR	1957	12	4	1	0	0	0	0	0	17
OFF ROAD	YEAR	1956	3	2	0	0	0	1	0	0	6
OFF ROAD	YEAR	1955	8	1	1	1	0	0	0	0	11
OFF ROAD	YEAR	1954	7	1	0	0	0	0	0	0	8
OFF ROAD	YEAR	1953	6	2	0	0	0	1	0	0	9
OFF ROAD	YEAR	1952	10	5	0	0	1	1	0	0	17
OFF ROAD	YEAR	1951	2	0	1	0	0	0	0	0	3
OFF ROAD	YEAR	1950	2	0	1	0	0	0	0	0	3
OFF ROAD	YEAR	1949	3	3	0	0	0	0	0	0	6
OFF ROAD	YEAR	1948	4	1	0	0	0	0	0	0	5
OFF ROAD	YEAR	1947	8	1	0	0	0	0	0	0	9
OFF ROAD	YEAR	1946	2	2	0	0	0	0	0	0	4
OFF ROAD	YEAR	1945	1	0	0	0	0	0	0	0	1
OFF ROAD	YEAR	1944	0	1	0	0	0	0	0	0	1
OFF ROAD	YEAR	1943	1	0	0	0	0	0	0	0	1
OFF ROAD	YEAR	1942	5	2	0	0	0	0	0	0	7
OFF ROAD	YEAR	1940	1	0	0	0	0	0	0	0	1
OFF ROAD	YEAR	1925	0	1	0	0	0	0	0	0	1
OFF ROAD	YEAR	1923	1	0	0	0	0	0	0	0	1
OFF ROAD	YEAR	1919	1	0	0	0	0	0	0	0	1
OFF ROAD	YEAR	1912	1	0	0	0	0	0	0	0	1
OFF ROAD	YEAR	1906	1	0	0	0	0	0	0	0	1
OFF ROAD	YEAR	1901	1	0	0	0	0	0	0	0	1
