COUNTY	VEHICLE_CLASS	FIT-ACTIVE	FIT-INACTIVE	UNFIT	WRECKED	OUT-OF-PROV	SOLD	SUSPENDED	TEMPORARY	TOTAL
DISTRICT OF ALGOMA	PASSENGER	52750	122712	9634	40867	6556	4481	1	1435	238436
DISTRICT OF ALGOMA	MOTORCYCLE	3192	5971	1389	50	387	174	0	56	11219
DISTRICT OF ALGOMA	MOPED	2	185	4	0	4	12	0	0	207
DISTRICT OF ALGOMA	COMMERCIAL	29576	54412	4418	7625	2604	1464	0	917	101016
DISTRICT OF ALGOMA	BUS	384	574	63	46	16	20	0	14	1117
DISTRICT OF ALGOMA	TRAILER	73810	7828	99	79	849	485	0	0	83150
DISTRICT OF ALGOMA	SNOW VEHICLE	14020	20284	0	122	289	724	0	0	35439
DISTRICT OF ALGOMA	OFF ROAD	24900	2499	39	6	198	141	0	0	27783
BRANT	PASSENGER	83809	121413	17493	140154	6668	3691	2	2166	375396
BRANT	MOTORCYCLE	3148	4730	1360	16	255	113	1	94	9717
BRANT	MOPED	3	216	15	0	2	1	0	0	237
BRANT	COMMERCIAL	22623	34126	4147	14993	1980	734	2	751	79356
BRANT	BUS	1821	1091	144	44	93	186	0	4	3383
BRANT	TRAILER	40932	7261	85	18	733	453	0	0	49482
BRANT	SNOW VEHICLE	1998	3055	0	7	32	163	0	0	5255
BRANT	OFF ROAD	5604	1148	21	0	51	40	0	0	6864
BRUCE	PASSENGER	44644	87750	7773	37372	2472	2786	0	1005	183802
BRUCE	MOTORCYCLE	2715	4170	1071	14	163	101	0	55	8289
BRUCE	MOPED	3	277	8	0	0	11	0	0	299
BRUCE	COMMERCIAL	20805	30801	2793	6491	799	768	1	547	63005
BRUCE	BUS	133	302	99	433	3	14	0	10	994
BRUCE	TRAILER	44546	6273	68	50	381	598	0	0	51916
BRUCE	SNOW VEHICLE	4342	7406	2	131	44	462	0	0	12387
BRUCE	OFF ROAD	9821	1641	19	0	33	41	0	0	11555
OTTAWA-CARLETON	PASSENGER	520261	735966	55914	117252	333078	44210	26	11650	1818357
OTTAWA-CARLETON	MOTORCYCLE	12745	20915	4611	510	8418	461	3	342	48005
OTTAWA-CARLETON	MOPED	29	1171	28	6	140	24	0	1	1399
OTTAWA-CARLETON	COMMERCIAL	64306	95234	6933	8474	43084	5827	15	1903	225776
OTTAWA-CARLETON	BUS	1455	2964	211	206	351	232	0	23	5442
OTTAWA-CARLETON	TRAILER	139885	16903	220	56	14571	1098	1	0	172734
OTTAWA-CARLETON	SNOW VEHICLE	8647	11192	0	44	2544	471	0	0	22898
OTTAWA-CARLETON	OFF ROAD	19411	3697	67	4	3131	139	0	0	26449
DISTRICT OF COCHRANE	PASSENGER	30975	70184	4997	12712	7216	7818	1	1220	135123
DISTRICT OF COCHRANE	MOTORCYCLE	2051	3668	763	13	458	260	0	33	7246
DISTRICT OF COCHRANE	MOPED	1	151	9	1	5	14	0	0	181
DISTRICT OF COCHRANE	COMMERCIAL	23645	38162	2978	4213	3581	2877	0	780	76236
DISTRICT OF COCHRANE	BUS	187	764	122	34	24	24	0	17	1172
DISTRICT OF COCHRANE	TRAILER	63477	6471	77	92	1393	1053	0	0	72563
DISTRICT OF COCHRANE	SNOW VEHICLE	11011	19426	0	599	564	2327	0	0	33927
DISTRICT OF COCHRANE	OFF ROAD	25424	3259	30	17	528	493	0	0	29751
DUFFERIN	PASSENGER	40270	65523	5957	15475	3150	2425	3	1306	134109
DUFFERIN	MOTORCYCLE	2012	2776	671	7	155	48	1	46	5716
DUFFERIN	MOPED	3	74	8	1	1	1	0	0	88
DUFFERIN	COMMERCIAL	12212	21532	1633	2959	772	724	0	421	40253
DUFFERIN	BUS	122	103	44	22	2	1	0	1	295
DUFFERIN	TRAILER	23344	2742	56	10	269	206	0	0	26627
DUFFERIN	SNOW VEHICLE	2539	3916	0	26	40	140	0	0	6661
DUFFERIN	OFF ROAD	4414	864	11	0	169	20	0	0	5478
STORMONT,DUNDAS & GLENGARRY	PASSENGER	67677	146219	13504	39841	30897	7357	1	3392	308888
STORMONT,DUNDAS & GLENGARRY	MOTORCYCLE	3725	5448	1516	21	1540	188	0	102	12540
STORMONT,DUNDAS & GLENGARRY	MOPED	4	364	12	0	30	17	0	0	427
STORMONT,DUNDAS & GLENGARRY	COMMERCIAL	21379	39582	3995	4520	11375	1391	0	1047	83289
STORMONT,DUNDAS & GLENGARRY	BUS	675	502	77	116	62	258	0	6	1696
STORMONT,DUNDAS & GLENGARRY	TRAILER	54792	8447	105	40	5603	788	0	0	69775
STORMONT,DUNDAS & GLENGARRY	SNOW VEHICLE	4268	7134	0	121	833	497	0	0	12853
STORMONT,DUNDAS & GLENGARRY	OFF ROAD	11940	2471	16	4	1196	146	2	0	15775
DURHAM	PASSENGER	388308	502355	120155	455897	67119	30452	25	10851	1575162
DURHAM	MOTORCYCLE	11199	16705	5852	191	1394	393	0	419	36153
DURHAM	MOPED	17	668	29	2	17	19	0	2	754
DURHAM	COMMERCIAL	66124	90282	14875	40574	12707	4021	3	2386	230972
DURHAM	BUS	1176	1906	270	4196	117	63	0	38	7766
DURHAM	TRAILER	126622	19869	542	111	2158	991	1	0	150294
DURHAM	SNOW VEHICLE	10122	15229	0	35	247	610	0	0	26243
DURHAM	OFF ROAD	24251	4959	108	3	423	171	1	0	29916
ELGIN	PASSENGER	57886	94940	10318	36769	6713	3816	1	2076	212519
ELGIN	MOTORCYCLE	2832	4591	1366	259	386	147	0	39	9620
ELGIN	MOPED	2	234	19	1	3	9	0	0	268
ELGIN	COMMERCIAL	22480	33275	3315	4101	2085	963	4	955	67178
ELGIN	BUS	342	422	58	9	51	14	0	9	905
ELGIN	TRAILER	44510	6519	72	39	673	456	0	0	52269
ELGIN	SNOW VEHICLE	1997	3121	0	11	60	227	0	0	5416
ELGIN	OFF ROAD	7392	1572	30	0	100	44	0	0	9138
ESSEX	PASSENGER	226660	418100	38988	122653	49908	16746	19	7388	880462
ESSEX	MOTORCYCLE	7017	10898	3024	53	772	289	1	189	22243
ESSEX	MOPED	12	582	23	3	6	22	0	0	648
ESSEX	COMMERCIAL	58778	84717	8119	12682	5734	2511	1	2079	174621
ESSEX	BUS	486	1638	134	73	42	80	0	9	2462
ESSEX	TRAILER	96125	14048	201	113	2139	709	1	0	113336
ESSEX	SNOW VEHICLE	3964	6881	0	64	145	380	1	0	11435
ESSEX	OFF ROAD	10713	2522	21	2	83	56	0	0	13397
FRONTENAC	PASSENGER	86459	157603	9542	95846	22397	5371	41	2766	380025
FRONTENAC	MOTORCYCLE	3249	5976	1308	29	1001	189	1	101	11854
FRONTENAC	MOPED	2	324	18	2	8	11	0	1	366
FRONTENAC	COMMERCIAL	20984	39149	3830	8923	5326	994	2	1035	80243
FRONTENAC	BUS	383	539	55	36	50	15	0	7	1085
FRONTENAC	TRAILER	54480	6903	92	21	2683	471	1	0	64651
FRONTENAC	SNOW VEHICLE	4053	5335	0	18	141	260	0	0	9807
FRONTENAC	OFF ROAD	11696	1600	26	1	182	64	0	0	13569
LEEDS & GRENVILLE	PASSENGER	63797	140023	9653	25371	12392	4013	0	2986	258235
LEEDS & GRENVILLE	MOTORCYCLE	3095	5066	1302	10	743	147	1	104	10468
LEEDS & GRENVILLE	MOPED	6	266	13	0	12	5	0	1	303
LEEDS & GRENVILLE	COMMERCIAL	21943	39325	3121	3413	3243	793	0	1081	72919
LEEDS & GRENVILLE	BUS	219	1080	46	36	222	20	0	0	1623
LEEDS & GRENVILLE	TRAILER	59734	7883	68	29	1819	346	0	0	69879
LEEDS & GRENVILLE	SNOW VEHICLE	4727	6751	0	18	295	209	0	0	12000
LEEDS & GRENVILLE	OFF ROAD	12684	1921	14	4	406	79	0	0	15108
GREY	PASSENGER	53805	107124	14206	38724	3868	3385	6	1597	222715
GREY	MOTORCYCLE	2827	4953	1290	11	247	129	0	54	9511
GREY	MOPED	7	300	13	1	2	6	0	0	329
GREY	COMMERCIAL	21618	36911	4508	5974	1161	905	1	715	71793
GREY	BUS	358	461	80	33	14	81	0	4	1031
GREY	TRAILER	48097	6533	96	35	448	359	1	0	55569
GREY	SNOW VEHICLE	4385	7979	0	44	39	319	0	0	12766
GREY	OFF ROAD	8729	1712	12	2	43	38	0	0	10536
HALDIMAND-NORFOLK	PASSENGER	70267	145676	18306	46549	3451	5557	4	2987	292797
HALDIMAND-NORFOLK	MOTORCYCLE	4030	6110	1791	16	234	172	1	98	12452
HALDIMAND-NORFOLK	MOPED	6	257	6	1	2	7	0	0	279
HALDIMAND-NORFOLK	COMMERCIAL	30631	49488	5858	7737	1343	1586	0	1450	98093
HALDIMAND-NORFOLK	BUS	105	421	121	86	16	8	0	16	773
HALDIMAND-NORFOLK	TRAILER	61074	9132	131	33	550	639	0	0	71559
HALDIMAND-NORFOLK	SNOW VEHICLE	3587	5281	0	31	36	329	1	0	9265
HALDIMAND-NORFOLK	OFF ROAD	12375	3384	53	2	79	80	0	0	15973
HALIBURTON	PASSENGER	11443	27502	2476	3535	915	917	0	553	47341
HALIBURTON	MOTORCYCLE	768	1485	337	1	78	35	0	14	2718
HALIBURTON	MOPED	0	65	1	0	1	1	0	0	68
HALIBURTON	COMMERCIAL	6480	10232	974	643	288	239	0	305	19161
HALIBURTON	BUS	3	23	23	2	0	2	0	5	58
HALIBURTON	TRAILER	19770	2368	22	6	145	126	0	0	22437
HALIBURTON	SNOW VEHICLE	3376	5228	0	58	60	244	0	0	8966
HALIBURTON	OFF ROAD	6160	676	7	1	26	37	0	0	6907
HALTON	PASSENGER	346447	335980	27791	147562	58737	31558	13	3901	951989
HALTON	MOTORCYCLE	8141	11682	2437	36	1542	222	2	215	24277
HALTON	MOPED	8	512	17	2	11	7	0	0	557
HALTON	COMMERCIAL	49069	69331	7231	9160	16996	6096	17	861	158761
HALTON	BUS	3313	3353	178	241	1027	1881	0	42	10035
HALTON	TRAILER	82676	14753	1293	75	4122	1152	33	0	104104
HALTON	SNOW VEHICLE	3729	5326	0	11	88	183	0	0	9337
HALTON	OFF ROAD	8130	1544	50	0	105	37	0	0	9866
HASTINGS	PASSENGER	82923	194255	15117	43978	15382	8595	4	5342	365596
HASTINGS	MOTORCYCLE	4011	7280	1869	21	906	181	0	198	14466
HASTINGS	MOPED	10	361	11	2	8	13	0	1	406
HASTINGS	COMMERCIAL	29303	56340	4803	5719	4088	1706	3	1866	103828
HASTINGS	BUS	345	817	82	37	36	58	0	5	1380
HASTINGS	TRAILER	79671	11908	84	47	1713	767	0	0	94190
HASTINGS	SNOW VEHICLE	6423	10303	0	65	191	685	0	0	17667
HASTINGS	OFF ROAD	24462	3150	33	2	327	193	0	0	28167
HURON	PASSENGER	32585	65984	7929	33113	4281	1697	1	711	146301
HURON	MOTORCYCLE	1561	3003	712	11	234	64	0	29	5614
HURON	MOPED	6	153	11	0	2	6	0	0	178
HURON	COMMERCIAL	16995	26847	3116	6390	2795	562	1	400	57106
HURON	BUS	344	164	78	54	18	19	0	6	683
HURON	TRAILER	32963	5574	88	28	356	241	0	0	39250
HURON	SNOW VEHICLE	3478	5475	0	56	55	281	0	0	9345
HURON	OFF ROAD	6404	1823	13	0	36	49	0	0	8325
DISTRICT OF KENORA	PASSENGER	21088	82136	3186	1128	3807	5430	0	1053	117828
DISTRICT OF KENORA	MOTORCYCLE	1246	3375	361	4	164	121	0	22	5293
DISTRICT OF KENORA	MOPED	2	79	2	1	2	2	0	0	88
DISTRICT OF KENORA	COMMERCIAL	17618	47746	2432	377	1682	2607	0	850	73312
DISTRICT OF KENORA	BUS	169	584	27	3	14	33	0	11	841
DISTRICT OF KENORA	TRAILER	46744	4067	48	18	474	413	0	0	51764
DISTRICT OF KENORA	SNOW VEHICLE	6939	16946	0	61	103	1199	0	0	25248
DISTRICT OF KENORA	OFF ROAD	12168	1192	5	1	54	138	0	0	13558
KENT	PASSENGER	59238	122796	12335	56423	6932	4258	3	2303	264288
KENT	MOTORCYCLE	2536	4977	1278	44	205	186	0	51	9277
KENT	MOPED	2	347	15	6	4	17	0	0	391
KENT	COMMERCIAL	25280	54786	5183	8847	2199	1208	0	1063	98566
KENT	BUS	200	321	94	60	3	12	0	13	703
KENT	TRAILER	54085	10199	136	124	1392	789	0	0	66725
KENT	SNOW VEHICLE	2659	4100	0	19	36	307	0	0	7121
KENT	OFF ROAD	8114	1737	47	2	35	46	0	0	9981
LAMBTON	PASSENGER	70275	135233	8798	54923	11689	2630	1	1984	285533
LAMBTON	MOTORCYCLE	3254	5131	1526	12	267	81	0	67	10338
LAMBTON	MOPED	7	332	12	0	6	5	0	0	362
LAMBTON	COMMERCIAL	25377	67028	4075	7299	3218	633	0	742	108372
LAMBTON	BUS	152	624	92	78	11	8	0	4	969
LAMBTON	TRAILER	47246	7542	74	57	663	307	0	0	55889
LAMBTON	SNOW VEHICLE	2707	3947	0	30	46	193	0	0	6923
LAMBTON	OFF ROAD	6903	1950	32	2	39	32	0	0	8958
LANARK	PASSENGER	44533	103000	6283	13941	13659	2338	1	2225	185980
LANARK	MOTORCYCLE	2144	3483	983	7	598	66	0	57	7338
LANARK	MOPED	0	123	11	2	7	7	0	0	150
LANARK	COMMERCIAL	15243	28837	1918	1779	3631	456	0	751	52615
LANARK	BUS	210	447	30	327	27	2	0	1	1044
LANARK	TRAILER	38242	5602	58	39	1349	181	1	0	45472
LANARK	SNOW VEHICLE	4115	6473	0	14	386	191	0	0	11179
LANARK	OFF ROAD	10650	1879	20	0	576	39	0	0	13164
LENNOX & ADDINGTON	PASSENGER	22327	48478	3938	8314	2376	3030	1	1111	89575
LENNOX & ADDINGTON	MOTORCYCLE	1186	1981	462	2	148	71	0	42	3892
LENNOX & ADDINGTON	MOPED	1	90	4	1	1	6	0	0	103
LENNOX & ADDINGTON	COMMERCIAL	9310	16056	1279	1313	792	749	1	531	30031
LENNOX & ADDINGTON	BUS	235	166	40	4	1	4	0	1	451
LENNOX & ADDINGTON	TRAILER	24173	3067	24	7	300	263	0	0	27834
LENNOX & ADDINGTON	SNOW VEHICLE	2017	2942	0	6	41	148	0	0	5154
LENNOX & ADDINGTON	OFF ROAD	7502	939	6	1	89	61	0	0	8598
DISTRICT OF MANITOULIN	PASSENGER	6828	19175	1235	1543	476	1132	0	306	30695
DISTRICT OF MANITOULIN	MOTORCYCLE	315	686	138	6	14	32	0	12	1203
DISTRICT OF MANITOULIN	MOPED	1	43	0	0	0	3	0	0	47
DISTRICT OF MANITOULIN	COMMERCIAL	5106	9541	621	376	257	423	0	233	16557
DISTRICT OF MANITOULIN	BUS	31	105	18	3	2	2	0	2	163
DISTRICT OF MANITOULIN	TRAILER	14091	1570	12	6	138	116	0	0	15933
DISTRICT OF MANITOULIN	SNOW VEHICLE	2017	3173	0	35	16	232	1	0	5474
DISTRICT OF MANITOULIN	OFF ROAD	4125	508	8	2	12	30	0	0	4685
MIDDLESEX	PASSENGER	269208	412628	43107	394773	59501	17370	27	5489	1202103
MIDDLESEX	MOTORCYCLE	7139	12781	3429	205	936	371	2	159	25022
MIDDLESEX	MOPED	8	624	31	6	4	16	0	0	689
MIDDLESEX	COMMERCIAL	55217	143512	8757	39979	20018	2750	129	1411	271773
MIDDLESEX	BUS	2109	1725	208	519	99	113	4	5	4782
MIDDLESEX	TRAILER	90940	16148	384	113	2118	853	3	0	110559
MIDDLESEX	SNOW VEHICLE	4167	6963	0	49	51	284	1	0	11515
MIDDLESEX	OFF ROAD	9736	3067	115	5	82	105	0	0	13110
MUSKOKA	PASSENGER	37559	81831	7650	26552	6916	2883	1	1133	164525
MUSKOKA	MOTORCYCLE	2323	3859	945	19	215	87	0	50	7498
MUSKOKA	MOPED	5	215	8	0	2	5	0	0	235
MUSKOKA	COMMERCIAL	17997	28499	2525	4812	2557	780	0	647	57817
MUSKOKA	BUS	232	338	67	32	62	1	0	1	733
MUSKOKA	TRAILER	49168	6189	48	32	474	422	0	0	56333
MUSKOKA	SNOW VEHICLE	8262	12952	0	82	122	621	0	0	22039
MUSKOKA	OFF ROAD	11357	1580	9	10	72	97	0	0	13125
NIAGARA	PASSENGER	282236	403323	65425	401244	23726	15759	59	7043	1198815
NIAGARA	MOTORCYCLE	10381	16041	4170	177	835	389	3	289	32285
NIAGARA	MOPED	13	1029	31	5	6	50	0	1	1135
NIAGARA	COMMERCIAL	67160	89424	11604	37476	4283	3376	14	2016	215353
NIAGARA	BUS	530	953	366	215	69	75	0	17	2225
NIAGARA	TRAILER	118403	19064	422	123	1534	1042	0	0	140588
NIAGARA	SNOW VEHICLE	5240	8693	0	45	87	522	0	0	14587
NIAGARA	OFF ROAD	15623	3719	67	3	165	134	0	0	19711
DISTRICT OF NIPISSING	PASSENGER	44249	84823	7321	55243	8723	7697	1	1420	209477
DISTRICT OF NIPISSING	MOTORCYCLE	2379	4080	1004	30	514	257	0	44	8308
DISTRICT OF NIPISSING	MOPED	1	181	13	1	6	8	0	0	210
DISTRICT OF NIPISSING	COMMERCIAL	19928	30491	2992	10490	3492	2862	0	712	70967
DISTRICT OF NIPISSING	BUS	1634	1087	71	200	97	9	0	10	3108
DISTRICT OF NIPISSING	TRAILER	56958	7453	223	58	1341	1029	0	0	67062
DISTRICT OF NIPISSING	SNOW VEHICLE	9230	13240	0	199	514	1467	0	0	24650
DISTRICT OF NIPISSING	OFF ROAD	17553	2311	118	6	483	242	0	0	20713
NORTHUMBERLAND	PASSENGER	56317	117498	9567	37199	5805	3900	2	2528	232816
NORTHUMBERLAND	MOTORCYCLE	3033	4540	1325	53	308	128	0	107	9494
NORTHUMBERLAND	MOPED	6	277	18	1	1	11	0	0	314
NORTHUMBERLAND	COMMERCIAL	19067	34173	2622	5120	1870	846	1	892	64591
NORTHUMBERLAND	BUS	139	275	42	42	9	10	0	3	520
NORTHUMBERLAND	TRAILER	45180	7180	51	43	623	424	0	0	53501
NORTHUMBERLAND	SNOW VEHICLE	3405	5183	0	72	50	260	0	0	8970
NORTHUMBERLAND	OFF ROAD	11306	1997	20	4	120	83	0	0	13530
OXFORD	PASSENGER	70644	125341	10165	49682	11552	3171	1	2132	272688
OXFORD	MOTORCYCLE	3605	5350	1414	12	266	132	0	72	10851
OXFORD	MOPED	3	324	10	3	0	9	0	0	349
OXFORD	COMMERCIAL	27062	44656	3944	5715	3671	753	1	852	86654
OXFORD	BUS	55	383	117	26	94	5	0	6	686
OXFORD	TRAILER	49215	8683	158	34	1248	450	0	0	59788
OXFORD	SNOW VEHICLE	3383	5084	0	20	44	200	0	0	8731
OXFORD	OFF ROAD	8009	2254	36	3	53	44	0	0	10399
DISTRICT OF PARRY SOUND	PASSENGER	26544	68585	6159	8345	2253	3562	1	1020	116469
DISTRICT OF PARRY SOUND	MOTORCYCLE	1829	3363	902	13	151	151	0	42	6451
DISTRICT OF PARRY SOUND	MOPED	1	150	7	0	0	5	0	0	163
DISTRICT OF PARRY SOUND	COMMERCIAL	14862	26967	2647	1753	890	1187	2	551	48859
DISTRICT OF PARRY SOUND	BUS	78	319	51	12	0	5	0	13	478
DISTRICT OF PARRY SOUND	TRAILER	46256	5323	57	37	379	501	0	0	52553
DISTRICT OF PARRY SOUND	SNOW VEHICLE	9141	13319	0	211	122	924	0	0	23717
DISTRICT OF PARRY SOUND	OFF ROAD	15272	1797	19	1	90	121	0	0	17300
PEEL	PASSENGER	742067	859825	133629	389494	152174	38791	58	13663	2329701
PEEL	MOTORCYCLE	11925	16812	6998	87	1497	291	1	444	38055
PEEL	MOPED	16	690	34	2	13	8	0	0	763
PEEL	COMMERCIAL	129001	171116	21395	33889	32266	6460	14	2269	396410
PEEL	BUS	1956	2689	302	337	360	68	0	27	5739
PEEL	TRAILER	250075	48960	1293	116	22593	5498	1	0	328536
PEEL	SNOW VEHICLE	4228	6867	0	30	168	220	0	0	11513
PEEL	OFF ROAD	9891	2452	144	0	159	67	0	0	12713
PERTH	PASSENGER	43896	88188	7038	42509	3133	1889	0	1066	187719
PERTH	MOTORCYCLE	2061	2987	789	8	137	77	1	41	6101
PERTH	MOPED	4	200	5	1	2	6	0	0	218
PERTH	COMMERCIAL	16537	67687	3275	7107	1293	609	2	561	97071
PERTH	BUS	159	215	52	77	15	12	0	2	532
PERTH	TRAILER	28261	5019	69	24	340	221	0	0	33934
PERTH	SNOW VEHICLE	3291	4549	0	44	46	241	0	0	8171
PERTH	OFF ROAD	5092	1370	28	1	35	33	0	0	6559
PETERBOROUGH	PASSENGER	81414	149587	15672	84408	8094	7878	2	3162	350217
PETERBOROUGH	MOTORCYCLE	3245	6103	1488	293	351	177	0	85	11742
PETERBOROUGH	MOPED	4	320	10	2	4	17	0	0	357
PETERBOROUGH	COMMERCIAL	25271	38933	4246	9780	2144	1658	1	1189	83222
PETERBOROUGH	BUS	556	1571	121	197	127	38	0	6	2616
PETERBOROUGH	TRAILER	68242	10333	94	33	745	504	0	0	79951
PETERBOROUGH	SNOW VEHICLE	6849	10495	0	46	101	583	0	0	18074
PETERBOROUGH	OFF ROAD	16084	2774	24	19	79	114	0	0	19094
PRESCOTT & RUSSELL	PASSENGER	66798	131835	29146	40307	77823	6672	0	2900	355481
PRESCOTT & RUSSELL	MOTORCYCLE	4383	5095	1549	72	3916	130	0	87	15232
PRESCOTT & RUSSELL	MOPED	3	308	15	6	31	4	0	0	367
PRESCOTT & RUSSELL	COMMERCIAL	20434	30025	3883	4100	19721	1710	1	866	80740
PRESCOTT & RUSSELL	BUS	486	588	73	37	215	12	0	6	1417
PRESCOTT & RUSSELL	TRAILER	53654	6718	153	107	7660	461	0	0	68753
PRESCOTT & RUSSELL	SNOW VEHICLE	4721	7294	0	21	2573	267	0	0	14876
PRESCOTT & RUSSELL	OFF ROAD	11977	2971	42	1	3821	105	0	0	18917
PRINCE EDWARD	PASSENGER	15697	34024	3129	24592	1536	909	0	801	80688
PRINCE EDWARD	MOTORCYCLE	820	1479	414	5	102	27	0	19	2866
PRINCE EDWARD	MOPED	1	116	7	0	2	8	0	0	134
PRINCE EDWARD	COMMERCIAL	5735	10166	906	3555	332	225	3	366	21288
PRINCE EDWARD	BUS	57	73	20	24	1	1	0	1	177
PRINCE EDWARD	TRAILER	15929	2104	21	9	189	131	0	0	18383
PRINCE EDWARD	SNOW VEHICLE	1131	1676	0	6	12	89	0	0	2914
PRINCE EDWARD	OFF ROAD	3754	564	6	0	42	24	0	0	4390
DISTRICT OF RAINY RIVER	PASSENGER	8663	31317	1530	418	1120	929	0	208	44185
DISTRICT OF RAINY RIVER	MOTORCYCLE	532	1340	174	3	55	26	0	2	2132
DISTRICT OF RAINY RIVER	MOPED	0	33	0	0	0	1	0	0	34
DISTRICT OF RAINY RIVER	COMMERCIAL	7629	18439	1102	227	556	525	0	175	28653
DISTRICT OF RAINY RIVER	BUS	61	204	21	0	1	11	0	0	298
DISTRICT OF RAINY RIVER	TRAILER	20777	1769	18	13	174	63	0	0	22814
DISTRICT OF RAINY RIVER	SNOW VEHICLE	3387	6259	0	61	20	234	0	0	9961
DISTRICT OF RAINY RIVER	OFF ROAD	4667	569	2	0	14	26	0	0	5278
RENFREW	PASSENGER	59721	137638	8722	71085	22998	6494	0	2140	308798
RENFREW	MOTORCYCLE	2929	5211	1275	53	1252	130	0	70	10920
RENFREW	MOPED	4	209	11	1	12	9	0	0	246
RENFREW	COMMERCIAL	25508	43706	3097	10976	7173	1571	0	897	92928
RENFREW	BUS	268	1119	117	363	108	39	0	7	2021
RENFREW	TRAILER	65846	7990	69	37	2778	568	0	0	77288
RENFREW	SNOW VEHICLE	7781	13309	0	65	1199	847	0	0	23201
RENFREW	OFF ROAD	21031	2638	15	4	1289	121	0	1	25099
SIMCOE	PASSENGER	310030	475284	41661	358906	31606	14927	9	10008	1242431
SIMCOE	MOTORCYCLE	14456	21447	4832	141	1880	440	0	473	43669
SIMCOE	MOPED	14	1067	31	2	21	32	1	1	1169
SIMCOE	COMMERCIAL	82792	115734	10646	40790	8150	3052	3	3115	264282
SIMCOE	BUS	2234	1510	290	3221	65	551	0	40	7911
SIMCOE	TRAILER	192911	27813	361	101	3216	1489	0	0	225891
SIMCOE	SNOW VEHICLE	21386	33877	0	120	438	1333	1	0	57155
SIMCOE	OFF ROAD	36131	6224	80	18	453	215	0	0	43121
DISTRICT OF SUDBURY	PASSENGER	92461	175867	17942	83504	11240	9641	2	2785	393442
DISTRICT OF SUDBURY	MOTORCYCLE	4942	7185	1847	113	575	301	0	114	15077
DISTRICT OF SUDBURY	MOPED	4	219	28	0	5	10	0	0	266
DISTRICT OF SUDBURY	COMMERCIAL	45905	63713	6538	15729	4528	2780	1	1361	140555
DISTRICT OF SUDBURY	BUS	248	953	219	160	53	34	0	6	1673
DISTRICT OF SUDBURY	TRAILER	114872	14207	184	179	1487	1287	0	0	132216
DISTRICT OF SUDBURY	SNOW VEHICLE	20627	26112	1	490	433	2280	0	0	49943
DISTRICT OF SUDBURY	OFF ROAD	36534	4460	50	30	415	409	1	0	41899
DISTRICT OF TIMISKAMING	PASSENGER	14851	39590	2999	4490	5753	5278	1	675	73637
DISTRICT OF TIMISKAMING	MOTORCYCLE	890	1990	477	10	268	156	0	16	3807
DISTRICT OF TIMISKAMING	MOPED	1	59	4	0	2	9	0	0	75
DISTRICT OF TIMISKAMING	COMMERCIAL	10620	18963	1611	1074	2629	1688	0	451	37036
DISTRICT OF TIMISKAMING	BUS	257	352	88	102	14	59	0	8	880
DISTRICT OF TIMISKAMING	TRAILER	29553	3278	30	15	1617	644	0	0	35137
DISTRICT OF TIMISKAMING	SNOW VEHICLE	5997	8217	0	71	707	918	0	0	15910
DISTRICT OF TIMISKAMING	OFF ROAD	9713	1219	10	2	581	182	0	0	11707
DISTRICT OF THUNDER BAY	PASSENGER	70137	180332	13738	49943	9789	6740	0	2076	332755
DISTRICT OF THUNDER BAY	MOTORCYCLE	3216	7081	1294	25	463	223	2	53	12357
DISTRICT OF THUNDER BAY	MOPED	8	274	13	1	4	8	0	0	308
DISTRICT OF THUNDER BAY	COMMERCIAL	41015	81219	6611	11236	3476	2874	0	1613	148044
DISTRICT OF THUNDER BAY	BUS	442	1067	168	54	25	40	0	11	1807
DISTRICT OF THUNDER BAY	TRAILER	92117	7665	142	47	931	662	4	0	101568
DISTRICT OF THUNDER BAY	SNOW VEHICLE	11833	21300	0	117	115	1564	0	0	34929
DISTRICT OF THUNDER BAY	OFF ROAD	21010	1937	29	6	134	156	0	1	23273
VICTORIA	PASSENGER	44499	100853	8929	31869	3140	2680	0	2382	194352
VICTORIA	MOTORCYCLE	2301	4021	1178	19	175	88	1	79	7862
VICTORIA	MOPED	0	190	14	1	1	4	0	0	210
VICTORIA	COMMERCIAL	18650	31229	3313	4642	928	589	0	1023	60374
VICTORIA	BUS	196	177	62	39	17	0	0	6	497
VICTORIA	TRAILER	50145	7384	118	22	421	285	0	0	58375
VICTORIA	SNOW VEHICLE	5915	9855	0	26	78	277	0	0	16151
VICTORIA	OFF ROAD	11961	2540	75	0	77	66	0	0	14719
WATERLOO	PASSENGER	323471	310148	75502	313503	31022	11956	13	5379	1070994
WATERLOO	MOTORCYCLE	9758	15148	3639	38	878	306	2	202	29971
WATERLOO	MOPED	14	781	30	3	5	19	0	1	853
WATERLOO	COMMERCIAL	59981	64738	14305	32050	7252	1892	0	1252	181470
WATERLOO	BUS	501	960	123	107	91	27	0	21	1830
WATERLOO	TRAILER	106602	23360	1022	83	3066	1109	0	0	135242
WATERLOO	SNOW VEHICLE	5661	8439	0	28	159	330	0	0	14617
WATERLOO	OFF ROAD	10687	3046	401	2	276	66	0	0	14478
WELLINGTON	PASSENGER	133806	182911	43501	141987	18306	7197	3	2449	530160
WELLINGTON	MOTORCYCLE	5171	7814	2292	28	479	214	2	111	16111
WELLINGTON	MOPED	9	403	18	1	6	7	0	0	444
WELLINGTON	COMMERCIAL	35881	58760	9142	17209	5171	4126	0	888	131177
WELLINGTON	BUS	222	351	95	188	15	58	0	3	932
WELLINGTON	TRAILER	66326	10660	549	68	1200	1603	0	0	80406
WELLINGTON	SNOW VEHICLE	5709	8848	0	36	100	411	0	0	15104
WELLINGTON	OFF ROAD	9441	2401	278	1	123	123	0	0	12367
HAMILTON-WENTWORTH	PASSENGER	289729	408080	53136	426409	23974	14925	13	5982	1222248
HAMILTON-WENTWORTH	MOTORCYCLE	8274	13375	3465	99	676	330	0	301	26520
HAMILTON-WENTWORTH	MOPED	11	699	19	3	8	14	0	3	757
HAMILTON-WENTWORTH	COMMERCIAL	53098	88919	11220	35078	8088	2970	1	1401	200775
HAMILTON-WENTWORTH	BUS	840	1240	254	339	159	55	0	11	2898
HAMILTON-WENTWORTH	TRAILER	92968	14641	824	113	1926	884	0	0	111356
HAMILTON-WENTWORTH	SNOW VEHICLE	3549	5484	0	18	70	229	0	0	9350
HAMILTON-WENTWORTH	OFF ROAD	8278	1709	40	1	86	47	0	0	10161
METRO TORONTO	PASSENGER	1112635	1497429	339655	767299	252526	68054	196	19147	4056941
METRO TORONTO	MOTORCYCLE	19169	39465	12919	215	3450	858	6	603	76685
METRO TORONTO	MOPED	58	2804	104	9	46	52	0	1	3074
METRO TORONTO	COMMERCIAL	124971	224787	47548	45432	32237	8217	19	3030	486241
METRO TORONTO	BUS	4531	7362	1138	278	473	114	0	141	14037
METRO TORONTO	TRAILER	165701	30820	4166	132	9014	1186	1	0	211020
METRO TORONTO	SNOW VEHICLE	6572	12613	3	42	265	273	0	0	19768
METRO TORONTO	OFF ROAD	13078	5050	1585	9	366	105	0	0	20193
YORK	PASSENGER	662379	636413	203099	306807	116930	24846	57	7928	1958459
YORK	MOTORCYCLE	12671	19861	9448	67	2858	312	2	374	45593
YORK	MOPED	21	644	40	3	9	19	0	1	737
YORK	COMMERCIAL	102194	135476	23278	29341	16722	7333	14	1949	316307
YORK	BUS	1728	2872	513	1450	315	107	0	45	7030
YORK	TRAILER	145170	21693	1435	114	7134	756	1	0	176303
YORK	SNOW VEHICLE	8791	14856	0	54	203	381	1	0	24286
YORK	OFF ROAD	17215	4833	969	3	318	120	0	0	23458
